1,1,1,1,1,1,1,2,1,1,1,1,1,1,1,1,1,1,1,1,1,1,1,1,1,1,1,1,1,1,1,1,1,1,1,1,1,1,1,1,1,1,1,1,1,1,1,1,1,2,1,1,1,1,1,1,1,1,1,1,1,1,1,1,1,1,1,1,1,1,0,1,2,1,1,1,1,1,1,1,1,1,1,1,1,1,1,1,1,1,1,1,1,1,1,1,1,1,1,1,
2,1,2,1,1,1,1,2,1,1,1,1,1,1,1,1,1,1,1,1,1,1,1,1,1,1,1,1,1,1,1,1,1,1,1,1,1,1,1,1,1,1,1,1,1,1,1,2,1,2,2,1,1,1,2,1,1,0,1,1,1,1,1,1,1,1,1,1,2,1,0,1,2,1,1,1,1,1,1,2,1,1,1,1,1,1,1,1,1,1,1,1,1,1,1,1,1,1,1,1,
2,1,2,1,1,1,1,2,1,2,1,1,1,1,1,1,1,1,1,1,1,1,1,1,1,1,1,1,1,1,1,1,1,1,1,1,1,1,1,1,2,1,1,1,1,1,1,3,1,2,2,1,1,1,3,1,1,0,1,1,1,1,1,1,1,1,1,1,3,1,0,1,3,1,1,1,1,1,1,2,1,1,2,1,1,1,1,1,1,1,1,1,1,2,1,1,2,1,1,1,
2,1,2,1,1,1,1,2,1,2,1,1,1,1,1,2,1,1,1,1,1,1,1,1,1,1,1,1,1,1,1,1,1,1,1,1,1,1,1,1,2,1,1,1,1,1,1,4,1,2,2,1,1,1,3,1,1,0,1,1,1,1,1,0,1,1,1,2,3,1,0,1,3,1,1,1,1,1,1,2,1,1,2,1,1,1,2,1,1,1,1,1,1,1,1,1,2,1,1,1,
2,1,2,1,1,1,1,2,1,2,1,1,1,1,1,2,1,1,1,1,1,1,1,1,1,1,1,1,1,1,1,1,1,1,2,1,1,1,1,1,3,1,1,1,1,1,1,4,1,2,2,1,1,1,3,1,1,0,1,1,1,1,1,0,1,1,1,2,3,1,0,1,5,1,1,1,1,1,1,2,1,1,2,1,1,1,2,1,1,1,1,2,1,1,1,1,2,1,1,1,
2,1,2,1,2,1,1,2,1,2,1,1,1,1,1,2,1,1,1,0,1,1,1,1,1,1,1,1,2,1,1,1,1,1,2,1,1,1,1,1,3,1,1,1,1,1,1,4,1,2,2,1,1,1,3,2,1,0,1,1,1,1,1,0,2,1,1,2,3,1,0,1,5,1,1,1,1,1,1,2,1,1,2,1,1,1,2,1,1,1,1,2,1,1,1,1,2,1,1,1,
2,1,2,1,2,1,0,2,1,2,1,1,1,1,2,2,1,1,1,0,1,1,1,1,1,1,1,1,2,1,1,1,1,2,2,1,1,1,1,1,3,1,1,1,1,1,1,4,1,2,2,2,1,1,3,2,1,0,1,1,1,1,1,0,2,1,1,2,3,1,0,1,5,1,1,1,1,1,1,2,1,1,3,1,1,2,2,1,1,1,1,2,2,1,1,1,2,1,1,1,
2,1,2,1,2,1,0,2,1,2,1,1,1,1,2,2,1,1,1,0,1,1,1,1,1,1,1,1,2,1,1,1,1,2,2,1,1,1,1,1,3,1,1,1,1,1,1,4,1,2,2,2,1,1,3,2,1,0,1,0,1,1,1,0,2,1,1,2,3,1,0,1,5,1,1,1,1,1,1,2,1,1,3,1,1,2,3,1,1,1,2,2,2,1,1,1,2,2,1,2,
2,1,2,2,2,2,0,2,1,2,1,1,0,1,2,2,1,1,1,0,1,1,1,2,1,2,1,0,3,1,1,1,1,2,2,1,1,2,1,0,3,1,1,1,1,1,1,3,1,2,2,2,1,1,3,2,1,0,2,0,2,1,1,0,2,1,1,2,3,1,0,1,5,1,0,1,1,1,1,2,1,1,2,1,1,2,3,1,1,1,2,3,2,1,1,1,2,2,1,2,
2,1,3,2,2,4,0,2,1,3,1,1,0,1,2,2,1,1,1,0,1,1,1,2,1,2,1,0,3,1,1,1,1,2,2,1,2,2,1,0,3,2,1,1,1,1,1,3,1,3,3,2,1,1,3,2,1,0,2,0,2,1,1,0,2,1,1,2,3,2,0,1,5,1,0,1,1,1,1,3,2,1,2,1,1,2,3,1,1,1,2,4,2,1,1,1,3,2,1,3,
2,1,4,2,2,4,0,2,1,3,1,1,0,1,2,2,1,1,1,0,1,1,1,3,1,2,1,0,3,1,1,1,1,2,2,1,3,2,1,0,3,2,1,1,1,1,1,3,1,2,3,3,1,1,3,3,1,0,2,0,2,1,1,0,3,1,1,2,3,2,0,1,5,1,0,1,1,1,1,3,2,1,2,1,1,2,3,1,1,1,2,5,2,1,1,1,4,2,0,3,
3,1,4,2,2,4,0,2,1,3,1,1,0,1,2,2,1,1,1,0,1,1,1,3,1,2,1,0,4,1,1,1,1,2,2,1,3,2,1,0,3,2,1,1,1,1,1,3,1,2,3,3,1,1,3,3,1,0,2,0,3,1,1,0,2,1,1,3,3,2,0,1,6,1,0,1,1,1,2,4,2,2,2,1,1,2,4,2,1,1,2,5,1,1,1,1,5,2,0,4,
4,1,5,2,2,5,0,2,1,4,1,1,0,1,2,2,1,1,1,0,1,1,1,3,1,4,1,0,4,1,1,1,1,2,2,1,3,2,1,0,3,2,1,1,1,1,1,3,1,2,3,3,1,1,3,4,1,0,3,0,3,2,1,0,2,1,1,4,3,3,0,1,6,1,0,1,1,1,2,4,2,2,2,1,1,2,4,2,1,1,2,5,1,1,1,1,6,2,0,4,
4,1,5,2,3,5,0,2,1,4,1,1,0,1,2,2,1,1,1,0,1,1,1,3,1,4,1,0,4,0,1,1,1,2,2,1,3,2,1,0,3,2,1,1,1,1,1,3,1,2,3,3,0,1,3,4,1,0,3,0,3,2,1,0,2,1,1,4,4,3,0,1,6,1,0,1,1,1,2,4,3,3,2,1,1,2,4,2,1,1,2,5,1,1,1,1,6,2,0,5,
4,1,5,2,4,5,0,2,1,3,1,1,0,1,3,2,2,1,1,0,1,1,1,3,1,4,1,0,4,0,1,1,1,2,2,1,3,2,1,0,3,2,0,1,1,1,1,3,2,2,3,3,0,1,3,5,1,0,3,0,3,2,1,0,2,1,1,4,4,4,0,1,6,1,0,1,1,1,1,4,4,3,2,1,1,2,4,2,1,1,2,6,1,1,1,1,6,2,0,5,
4,1,5,2,4,5,0,3,1,3,1,2,0,1,4,2,2,1,1,0,1,1,1,3,1,4,1,0,4,0,2,1,1,3,2,1,3,2,1,0,3,2,0,2,1,1,1,3,2,2,3,2,0,2,3,5,1,0,3,0,3,2,1,0,2,0,1,4,5,4,0,1,7,1,0,1,1,1,1,4,4,3,2,1,1,3,4,2,1,1,2,6,1,1,2,2,6,2,0,5,
4,1,5,2,4,6,0,3,1,3,1,2,0,1,4,2,3,1,1,0,1,1,1,3,1,4,1,0,5,0,2,2,1,3,2,1,3,2,1,0,4,2,0,2,1,1,2,3,2,3,3,2,0,2,3,5,2,0,3,0,3,2,1,0,2,0,1,4,5,5,0,2,8,1,0,1,1,1,1,4,4,3,2,1,1,3,4,2,1,1,2,7,1,1,1,2,7,2,0,5,
5,1,8,2,3,6,0,3,1,3,1,2,0,1,4,2,3,1,1,0,1,1,1,3,0,4,1,0,6,0,2,2,1,3,2,1,4,2,1,0,4,2,0,2,1,1,2,2,2,3,4,2,0,2,2,5,2,0,3,0,3,2,1,0,2,0,1,5,5,5,0,2,9,1,0,1,1,1,1,4,4,4,2,1,1,4,5,2,1,1,2,7,1,1,1,3,7,2,0,6,
5,1,8,2,3,6,0,3,1,3,1,2,0,1,3,3,4,1,1,0,1,1,1,4,0,4,1,0,7,0,2,3,1,3,3,1,4,2,1,0,4,2,0,2,1,1,1,2,2,3,4,2,0,2,2,5,3,0,3,0,3,2,1,0,2,0,1,5,5,5,0,3,10,1,0,1,1,1,1,4,4,4,2,1,1,3,5,2,1,1,2,7,1,1,1,3,8,2,0,6,
5,1,8,2,3,5,0,2,1,3,1,2,0,1,3,3,4,1,1,0,1,1,1,4,0,4,1,0,7,0,2,4,1,3,2,1,4,2,2,0,4,3,0,2,1,1,1,2,2,3,4,2,0,2,3,4,3,0,3,0,3,2,1,0,2,0,1,5,5,6,0,3,10,1,0,1,1,1,1,4,4,4,2,1,1,3,5,2,1,1,3,6,1,1,1,3,8,2,0,6,
5,1,10,2,3,5,0,2,2,3,1,2,0,1,3,3,4,1,1,0,2,1,1,3,0,5,1,0,7,0,2,5,1,3,2,1,5,2,2,0,4,3,0,2,1,1,1,2,2,4,4,2,0,2,3,4,3,0,3,0,3,2,1,0,2,0,1,5,6,7,0,3,11,1,0,1,1,1,1,4,5,4,2,1,1,3,5,2,1,1,2,6,1,1,1,4,8,2,0,6,
4,1,11,2,3,5,0,2,2,3,1,2,0,1,3,3,4,1,1,0,2,1,1,3,0,5,1,0,7,0,2,5,1,4,2,1,5,3,2,0,4,4,0,2,1,1,2,2,2,4,4,2,0,2,3,5,3,0,3,0,3,2,1,0,2,0,1,5,4,7,0,3,12,1,0,1,1,1,1,4,5,4,2,1,1,3,5,2,1,1,2,6,1,1,1,4,7,2,0,7,
4,1,11,2,4,5,0,2,2,3,1,2,0,1,3,3,4,1,1,0,2,1,1,3,0,5,1,0,7,0,2,5,1,5,2,1,7,3,2,0,4,5,0,2,1,1,2,2,2,4,4,2,0,2,3,5,3,0,3,0,3,2,1,0,3,0,1,5,4,7,0,3,12,1,0,2,1,1,1,5,6,4,2,1,1,3,6,2,1,1,3,6,1,1,1,3,7,2,0,7,
4,1,11,2,4,5,0,2,2,3,1,3,0,1,3,3,4,1,1,0,3,1,1,3,0,5,1,0,8,0,2,5,1,5,2,1,7,3,3,0,4,4,0,2,1,1,2,2,2,5,4,2,0,2,2,5,3,0,3,0,3,3,1,0,3,0,1,5,4,7,0,3,12,1,0,2,1,2,2,5,6,4,3,1,1,3,6,2,1,1,2,6,1,1,1,3,7,2,0,7,
5,1,11,2,5,7,0,2,2,3,1,3,0,1,3,4,5,1,1,0,3,1,1,4,0,5,1,0,7,0,2,5,1,6,2,1,7,3,3,0,4,4,0,2,1,1,2,2,2,5,5,2,0,2,3,5,3,0,3,0,3,3,1,0,3,0,1,5,4,8,0,3,11,1,0,2,1,1,2,6,6,3,4,1,1,4,6,3,1,1,3,6,2,1,1,3,7,2,0,7,
5,1,11,2,5,7,0,2,2,3,1,4,0,1,3,4,6,1,1,0,3,1,1,4,0,5,1,0,7,0,2,5,1,5,2,1,7,3,3,0,4,4,0,2,1,1,2,2,2,5,5,2,0,1,3,5,3,0,3,0,3,3,1,0,3,0,1,5,4,8,0,4,11,1,0,2,1,1,2,6,7,3,4,1,1,4,7,3,1,1,3,7,2,2,1,3,7,2,0,7,
6,1,11,2,5,7,0,2,2,3,1,4,0,1,3,4,6,1,1,0,3,1,1,4,0,6,1,0,8,0,2,5,1,4,2,1,7,3,3,0,4,4,0,3,1,1,2,2,2,5,6,2,0,1,3,5,4,0,3,0,4,3,1,0,3,0,1,5,4,8,0,5,11,1,0,3,1,1,2,6,8,3,4,1,1,4,7,3,1,1,5,7,2,2,1,3,7,2,0,7,
8,1,11,2,5,7,0,2,2,3,1,4,0,2,3,4,6,1,1,0,3,1,1,4,0,5,1,0,9,0,2,5,1,4,2,1,7,3,3,0,4,4,0,3,1,1,2,2,2,6,6,2,0,1,4,7,4,0,3,0,4,3,1,0,4,0,1,5,4,8,0,5,12,1,0,4,1,2,2,6,8,3,5,1,1,4,6,3,1,1,5,7,2,2,1,3,7,2,0,9,
8,1,11,2,5,8,0,2,2,3,2,4,0,2,3,4,7,1,1,0,3,1,1,5,0,5,1,0,9,0,3,6,1,4,2,1,7,3,3,0,3,4,0,3,1,0,2,2,2,6,6,2,0,1,4,7,3,0,3,0,4,3,1,0,4,0,1,5,4,9,0,5,12,2,0,5,1,2,4,7,8,3,5,1,1,4,6,3,1,1,5,7,2,1,2,3,7,2,0,9,
10,1,11,2,5,8,0,2,2,5,2,4,0,2,3,4,7,1,1,0,3,1,1,5,0,5,1,0,9,0,4,6,1,4,2,1,7,3,3,0,3,4,0,3,1,0,2,2,2,6,6,2,0,1,5,6,3,0,3,0,5,3,1,0,4,0,1,5,5,8,0,6,12,2,0,4,1,2,4,7,9,3,5,1,1,4,6,3,1,1,5,8,2,1,2,3,8,2,0,9,
10,1,10,2,5,8,0,3,2,5,3,4,0,2,4,4,8,1,2,0,3,1,1,6,0,5,1,0,9,0,4,6,1,5,2,1,7,3,4,0,3,4,0,3,1,0,2,2,3,7,7,3,0,1,5,6,3,0,3,0,5,4,1,0,4,0,1,5,6,8,0,6,12,1,0,4,1,2,4,7,9,3,6,1,1,4,5,3,1,0,4,8,2,1,2,4,8,2,0,9,
12,1,10,2,5,8,0,3,1,4,3,4,0,2,4,4,7,1,2,0,3,1,1,7,0,5,1,0,9,0,4,6,1,5,2,1,7,3,4,0,3,4,0,4,1,0,2,2,3,8,8,3,0,1,5,6,4,0,3,0,5,4,1,0,4,0,1,5,6,8,0,6,11,2,0,3,1,2,4,7,11,3,6,1,1,4,5,4,2,0,4,8,2,1,2,4,8,2,0,10,
12,1,10,2,6,8,0,3,1,4,3,4,0,2,6,4,7,1,2,0,2,1,1,7,0,5,1,0,9,0,3,6,1,6,2,1,7,3,4,0,3,5,0,4,1,0,2,2,4,8,9,3,0,1,5,6,5,0,3,0,5,4,1,0,4,0,1,5,6,9,0,6,11,2,0,3,1,2,4,7,11,4,7,1,1,4,5,4,2,0,4,8,2,1,2,5,8,2,0,9,
12,1,10,2,6,8,0,3,1,4,3,4,0,2,6,4,8,1,2,0,2,1,1,7,0,5,1,0,10,0,4,6,1,6,2,1,7,3,4,0,3,5,0,4,1,0,2,2,4,9,9,3,0,1,5,6,5,0,3,0,5,4,1,0,5,0,1,5,6,9,0,6,13,3,0,3,1,3,4,7,11,4,7,2,1,4,5,4,2,0,4,8,2,1,2,5,8,3,0,10,
14,1,10,2,8,9,0,3,1,4,3,5,0,2,7,4,8,1,2,0,2,1,1,7,0,4,1,0,10,0,4,7,1,6,2,1,7,3,4,0,3,6,0,5,1,0,2,2,4,10,9,3,0,1,5,6,5,0,3,0,6,4,1,0,4,0,1,6,6,9,0,7,15,3,0,3,1,3,4,8,12,4,7,1,1,4,5,4,2,0,4,8,2,1,2,5,7,3,0,10,
14,1,11,2,8,10,0,3,1,4,3,5,0,2,7,5,9,1,2,0,3,1,1,6,0,5,1,0,10,0,4,7,1,7,2,1,8,4,4,0,3,5,0,5,1,0,2,2,5,9,9,3,0,1,6,6,4,0,3,0,6,4,1,0,4,0,1,6,6,9,0,7,18,2,0,3,1,3,4,7,12,4,7,1,1,4,6,4,2,0,4,9,2,1,2,5,7,4,0,10,
16,1,11,2,8,10,0,3,1,5,3,5,0,2,7,5,10,1,2,0,3,1,1,6,0,5,1,0,11,0,4,7,1,7,3,1,8,4,4,0,3,5,0,6,1,0,3,2,5,9,9,3,0,1,7,6,4,0,3,0,6,5,1,0,4,0,1,6,6,9,0,7,19,2,0,4,1,3,4,7,12,4,7,1,1,4,5,6,2,0,6,9,2,1,2,5,7,4,0,10,
17,1,12,2,10,10,0,3,1,4,3,5,0,2,8,5,11,1,2,0,3,1,1,6,0,6,1,0,11,0,4,8,1,7,3,1,9,4,4,0,3,5,0,5,1,0,2,3,5,9,9,3,0,1,7,6,4,0,3,0,6,6,1,0,4,0,1,6,7,9,0,7,18,2,0,4,1,3,4,7,11,5,7,1,1,4,5,6,2,0,6,8,2,1,2,5,7,4,0,11,
18,1,13,2,11,12,0,3,1,4,3,5,0,2,9,5,11,1,2,0,4,1,1,6,0,6,1,0,11,0,4,8,1,8,3,1,7,4,5,0,3,6,0,5,1,0,3,4,5,10,9,3,0,1,8,7,4,0,3,0,6,6,1,0,4,0,1,6,7,9,0,8,19,2,0,4,1,4,4,8,12,5,6,1,1,4,5,6,2,0,6,8,2,1,2,5,9,4,0,12,
18,1,10,1,12,12,0,3,1,4,3,5,0,2,10,6,12,1,2,0,4,1,1,6,0,7,1,0,11,0,4,9,1,8,3,1,6,4,5,0,3,6,0,5,1,0,4,4,5,11,10,3,0,2,9,7,4,0,3,0,5,6,1,0,4,0,1,6,7,10,0,8,20,2,0,4,1,4,5,8,14,6,6,2,1,4,5,6,2,0,6,11,2,1,2,4,9,4,0,12,
18,1,11,1,12,12,0,3,2,5,3,6,0,2,12,6,12,1,2,0,4,1,1,7,0,7,1,0,12,0,4,9,1,8,3,1,6,4,5,0,4,6,0,5,1,0,4,4,6,11,10,3,0,2,10,6,4,0,4,0,5,7,1,0,4,0,1,6,7,11,0,9,20,2,0,4,1,3,5,8,13,6,6,3,1,4,5,5,2,0,7,12,2,1,2,5,10,4,0,12,
19,1,11,1,12,11,0,3,2,6,3,6,0,2,13,6,13,1,2,0,4,1,1,7,0,7,1,0,13,0,4,9,1,8,4,1,6,4,5,0,3,7,0,7,1,0,4,4,6,12,10,3,0,2,10,6,4,0,4,0,6,7,1,0,5,0,1,6,7,11,0,10,21,2,0,4,1,3,5,8,13,6,5,3,1,4,5,5,3,0,7,14,2,1,3,5,10,3,0,12,
20,1,10,1,13,11,0,2,2,7,3,6,0,2,14,6,13,1,3,0,3,1,2,7,0,7,1,0,15,0,4,9,1,8,4,1,7,4,7,0,3,8,0,8,1,0,3,4,5,13,10,3,0,3,11,7,6,0,4,0,6,7,1,0,5,0,1,6,7,12,0,10,22,2,0,3,2,3,5,8,15,6,6,3,1,4,5,5,3,0,7,15,2,1,3,5,10,3,0,12,
22,1,10,1,13,10,0,2,2,7,4,6,0,2,13,6,13,1,3,0,3,1,1,7,0,7,1,0,16,0,4,9,1,8,3,1,7,4,7,0,3,9,0,10,1,0,3,4,5,13,9,3,0,3,11,8,8,0,4,0,6,7,1,0,5,0,1,7,7,12,0,11,24,3,0,3,2,3,5,9,17,6,6,3,1,4,5,5,3,0,7,14,2,1,3,5,10,3,0,14,
21,1,10,1,14,10,0,2,2,7,5,6,0,2,13,6,13,1,3,0,3,1,1,6,0,8,1,0,16,0,4,9,2,9,4,1,9,4,7,0,4,10,0,10,1,0,3,5,5,12,9,3,0,3,11,8,8,0,5,0,7,7,1,0,5,0,1,7,7,12,0,12,24,4,0,3,2,3,5,10,18,6,6,3,1,4,5,5,3,0,7,14,2,1,3,5,9,3,0,15,
23,1,10,1,14,10,0,3,2,7,5,6,0,2,13,6,14,1,3,0,3,1,2,7,0,8,1,0,16,0,4,9,2,10,3,1,9,5,7,0,4,10,0,10,1,0,3,5,5,11,9,3,0,3,11,8,8,0,4,0,6,7,1,0,5,0,1,8,7,12,0,11,24,5,0,3,2,3,5,11,18,6,6,3,1,5,5,5,3,0,8,14,2,1,4,6,10,3,0,15,
21,1,11,1,14,11,0,3,1,7,6,6,0,2,14,6,14,1,3,0,5,1,2,7,0,9,1,0,16,0,4,9,2,9,3,1,9,5,7,0,5,10,0,10,1,0,3,4,5,13,9,3,0,3,11,8,8,0,4,0,8,7,1,0,5,0,2,8,7,12,0,11,25,7,0,3,2,3,5,12,17,6,6,3,1,5,6,5,3,0,8,14,2,1,4,6,10,3,0,15,
21,1,11,1,14,11,0,3,1,8,8,6,0,2,13,6,14,1,3,0,5,1,2,7,0,10,1,0,15,0,4,9,2,10,3,1,8,5,7,0,5,11,0,10,1,0,3,4,5,15,10,3,0,3,10,8,8,0,4,0,8,7,1,0,6,0,2,8,8,14,0,11,25,7,0,3,2,3,4,12,19,8,7,3,1,6,6,5,4,0,8,15,2,1,4,6,10,3,0,16,
21,1,12,1,14,11,0,3,1,9,8,5,0,2,13,6,14,1,3,0,5,1,2,6,0,9,1,0,15,0,4,9,2,10,4,1,8,5,8,0,6,12,0,11,1,0,3,5,6,15,11,3,0,3,11,8,8,0,3,0,8,7,1,0,6,0,2,8,8,14,0,11,26,6,0,3,2,3,5,13,20,8,7,3,1,6,7,5,4,0,8,16,1,1,4,6,9,3,0,16,
24,1,12,1,15,11,0,3,1,10,9,5,0,2,14,6,14,1,4,0,5,1,2,6,0,9,1,0,15,0,4,9,2,11,4,1,8,5,8,0,5,12,0,12,1,0,3,4,6,16,12,3,0,3,12,8,6,0,4,0,8,7,1,0,6,0,2,9,7,13,0,12,26,6,0,3,2,3,5,14,20,8,7,3,1,7,7,5,4,0,8,16,1,1,4,6,10,3,0,15,
24,1,11,1,16,11,0,3,1,10,9,6,0,2,12,6,14,1,4,0,5,1,2,6,0,9,1,0,15,0,4,10,2,10,4,1,9,5,8,0,5,12,0,12,1,0,3,4,8,16,11,4,0,3,12,8,7,0,4,0,9,7,1,0,7,0,2,9,7,14,0,11,27,5,0,3,2,3,6,13,18,8,8,3,1,7,6,6,4,0,9,17,1,1,4,6,12,3,0,15,
25,1,11,2,16,11,0,3,1,10,9,6,0,2,12,6,14,1,3,0,5,1,2,6,0,10,1,0,16,0,5,11,2,11,4,1,9,5,8,0,5,12,0,14,1,0,3,4,9,17,12,4,0,3,13,8,7,0,4,0,9,7,1,0,7,0,2,9,7,14,0,14,29,5,0,3,2,4,7,13,20,8,7,3,1,7,6,5,4,0,9,18,1,1,4,6,14,3,0,15,
26,1,11,2,15,11,0,3,1,11,9,6,0,2,13,6,14,1,3,0,5,1,2,6,0,10,1,0,17,0,4,10,2,12,4,1,10,6,7,0,5,12,0,14,1,0,3,4,9,16,12,5,0,3,13,9,7,0,4,0,9,7,1,0,7,0,2,11,8,17,0,14,28,5,0,4,2,4,7,13,21,9,7,3,2,7,6,6,4,0,9,19,1,1,4,6,14,3,0,15,
27,1,10,2,15,11,0,3,1,12,9,6,0,2,13,6,14,1,3,0,5,1,2,6,0,11,1,0,21,0,3,10,2,13,5,1,10,6,8,0,5,11,0,15,1,0,3,4,11,15,13,5,0,4,14,10,8,0,4,0,9,7,1,0,9,0,2,10,8,17,0,16,29,5,0,4,2,4,7,13,24,9,6,4,2,7,6,6,4,0,10,18,1,1,4,6,15,3,0,16,
26,2,10,2,16,11,0,3,1,12,9,6,0,2,14,5,15,1,3,0,5,2,3,6,0,11,1,0,22,0,3,11,2,13,5,1,10,6,9,0,5,11,0,14,1,0,3,5,11,17,13,5,0,3,14,11,8,0,5,0,10,7,1,0,9,0,2,10,8,17,0,16,29,5,0,4,2,4,7,13,23,10,7,4,2,7,6,7,4,0,10,18,1,1,5,8,15,3,0,16,
29,2,10,2,17,11,0,3,1,12,9,6,0,2,15,5,13,1,4,0,5,2,3,6,0,11,1,0,23,0,3,10,2,14,5,1,10,6,10,0,7,12,0,14,1,0,3,5,12,18,13,5,0,3,14,11,8,0,6,0,11,7,1,0,9,0,2,10,8,18,0,15,30,5,0,4,2,4,7,13,23,11,6,4,3,7,6,7,4,0,10,19,1,1,5,7,16,3,0,17,
29,2,11,2,17,12,0,3,1,13,9,5,0,2,15,5,13,1,4,0,5,2,3,7,0,12,1,0,25,0,3,10,2,16,5,1,12,6,10,0,8,12,0,16,1,0,4,4,14,20,13,6,0,3,16,14,8,0,6,0,12,7,1,0,9,0,2,12,7,18,0,15,30,5,0,3,2,4,7,13,24,9,7,4,3,8,6,7,4,0,10,20,1,1,5,7,16,3,0,17,
30,2,11,2,17,13,0,4,1,13,10,6,0,2,16,5,16,1,4,0,5,2,4,8,0,12,1,0,24,0,3,11,2,16,6,1,12,6,9,0,8,11,0,15,1,0,3,4,15,22,14,8,0,3,18,15,8,0,6,0,13,8,1,0,9,0,2,12,7,20,0,15,30,5,0,3,2,4,7,13,25,9,7,4,3,8,7,7,4,0,10,20,1,1,6,7,16,3,0,18,
30,2,13,2,19,13,0,5,1,14,11,5,0,3,16,5,15,1,4,0,5,2,4,9,0,12,1,0,24,0,3,11,3,16,6,1,13,6,9,0,9,12,0,18,1,0,3,3,16,22,16,9,0,4,18,15,7,0,6,0,13,8,1,0,10,0,2,13,7,22,0,18,30,5,0,3,2,4,7,13,26,10,7,4,4,8,7,7,4,0,10,20,0,1,7,7,16,3,0,18,
31,2,14,2,18,14,0,4,1,15,11,6,0,3,16,5,15,1,4,0,5,2,4,10,0,12,1,0,24,0,3,11,3,16,6,1,14,6,9,0,9,13,0,18,1,0,3,3,16,23,18,10,0,4,17,16,7,0,6,0,14,8,1,0,10,0,3,15,7,22,0,18,32,5,0,3,2,5,7,15,27,10,6,4,4,8,7,7,4,0,10,20,0,1,7,8,17,3,0,17,
32,2,14,2,19,16,0,4,1,13,11,6,0,3,16,6,16,1,4,0,7,2,5,10,0,12,1,0,24,0,3,12,3,16,6,1,14,7,9,0,10,14,0,18,2,0,3,3,16,24,18,10,0,5,17,17,7,0,7,0,16,10,1,0,10,0,3,16,7,21,0,20,34,5,0,3,2,5,7,15,29,10,6,4,4,8,7,8,4,0,13,19,0,1,7,9,17,3,0,18,
32,2,14,2,18,17,0,4,1,13,12,6,0,2,16,5,15,1,4,0,7,4,5,10,0,11,1,0,23,0,4,12,3,15,5,1,14,7,10,0,11,15,0,18,2,0,3,3,16,25,19,10,0,5,17,17,8,0,7,0,16,10,1,0,10,0,4,16,8,24,0,20,34,5,0,3,1,5,7,15,30,10,6,5,5,9,8,8,4,0,12,19,0,1,7,8,17,3,0,19,
33,2,16,1,19,17,0,4,1,15,12,6,0,2,16,5,17,1,4,0,7,4,5,10,0,10,1,0,23,0,4,13,3,15,5,1,15,8,10,0,11,15,0,16,2,0,3,3,16,26,20,11,0,5,17,18,10,0,7,0,17,10,1,0,11,0,5,17,8,24,0,22,38,5,0,3,1,5,7,17,31,10,6,6,5,9,8,8,5,0,12,20,0,1,7,8,18,3,0,19,
34,2,17,1,19,17,0,5,1,16,12,7,0,2,17,5,16,1,4,0,7,4,5,10,0,10,1,0,25,0,5,14,3,13,6,1,17,8,10,0,11,16,0,16,2,0,3,4,18,28,20,11,0,5,19,18,11,0,7,0,17,12,1,0,11,0,6,17,8,23,0,23,37,5,0,4,1,5,7,17,32,10,7,6,5,11,9,8,5,0,12,20,0,2,8,8,18,3,0,21,
33,2,17,1,19,17,0,5,1,18,10,7,0,2,18,5,16,1,4,0,7,4,5,9,0,9,1,0,26,0,5,16,3,13,6,1,18,9,10,0,11,15,0,16,3,0,3,4,18,28,20,11,0,5,20,19,11,0,7,0,19,12,1,0,11,0,6,17,8,23,0,24,37,5,0,4,1,5,6,17,32,11,7,6,5,11,9,8,6,0,13,21,0,2,8,10,18,3,0,20,
34,2,17,1,23,17,0,5,2,16,10,7,0,2,20,6,16,2,4,0,7,4,5,10,0,9,1,0,28,0,5,16,5,13,6,1,16,9,10,0,11,17,0,16,3,0,3,6,18,29,21,11,0,5,20,22,12,0,7,0,19,12,1,0,12,0,6,17,9,23,0,26,39,6,0,5,1,5,6,17,34,11,8,6,6,12,8,8,7,0,13,22,0,2,8,11,18,3,0,20,
36,2,17,1,23,16,0,5,2,16,10,7,0,2,21,6,16,1,4,0,7,4,5,10,0,9,1,0,29,0,6,16,5,14,6,2,16,9,10,0,13,17,0,16,3,0,4,5,19,29,21,12,0,5,20,22,12,0,8,0,19,13,1,0,13,0,6,16,9,23,0,28,40,7,0,5,1,6,7,18,35,11,9,8,7,13,8,9,7,0,13,22,0,2,8,11,20,3,0,20,
38,2,17,1,22,17,0,5,2,16,10,8,0,2,22,7,17,1,4,0,7,3,5,10,0,9,1,0,29,0,6,16,5,14,6,2,15,9,10,0,14,17,0,17,4,0,4,5,20,29,21,13,0,5,20,23,12,0,8,0,21,13,1,0,14,0,6,16,10,25,0,29,41,7,0,6,1,7,7,19,38,11,10,8,7,13,8,9,7,0,14,22,0,2,8,11,21,3,0,23,
37,3,18,1,21,17,0,5,2,15,10,9,0,2,22,5,17,1,4,0,7,3,5,10,0,9,1,0,30,0,7,16,5,14,6,2,16,9,10,0,15,17,0,17,4,0,5,6,21,29,23,13,0,6,22,22,12,0,8,0,23,13,1,0,15,0,6,16,10,28,0,28,40,7,0,6,1,9,7,19,39,10,10,9,7,14,9,9,7,0,15,22,0,2,8,12,22,3,0,23,
38,3,18,1,21,17,0,5,2,15,10,9,0,2,23,4,17,2,4,0,7,3,5,10,0,9,1,0,31,0,7,16,5,14,7,2,16,10,10,0,15,17,0,17,4,0,5,6,22,30,25,13,0,6,25,23,12,0,8,0,21,12,1,0,17,0,7,16,10,30,0,30,41,7,0,7,1,9,7,22,39,10,11,9,7,13,10,9,8,0,15,22,0,2,8,13,22,3,0,24,
38,3,17,1,22,19,0,5,2,15,10,9,0,2,24,4,20,2,4,0,7,2,5,10,0,10,1,0,31,0,7,14,5,14,7,2,17,10,10,0,17,17,0,17,4,0,5,6,24,32,27,14,0,6,26,26,13,0,7,0,21,11,1,0,17,0,8,16,10,31,0,31,41,8,0,7,1,10,8,23,38,10,11,9,9,14,10,9,8,0,15,21,0,2,7,13,24,3,0,25,
40,3,17,1,22,20,0,5,1,15,11,9,0,2,26,5,20,2,4,0,7,2,5,11,0,10,1,0,32,0,7,14,5,14,8,3,19,9,11,0,18,19,0,19,4,0,5,6,28,29,28,14,0,6,26,24,11,0,8,0,21,11,1,0,18,0,9,16,11,31,0,31,41,10,0,7,1,10,8,24,39,10,12,10,9,13,10,9,8,0,16,21,0,2,7,14,24,3,0,26,
43,3,19,1,23,19,0,6,1,14,13,10,0,2,26,5,20,2,5,0,7,2,5,11,0,12,1,0,33,0,7,14,5,12,10,3,19,9,11,0,20,20,0,18,4,0,5,7,28,30,30,13,0,6,27,26,11,0,8,0,21,13,1,0,18,0,10,16,12,32,0,32,42,10,0,7,1,10,8,24,38,11,12,10,9,13,10,8,10,0,17,20,0,2,7,14,25,3,0,26,
43,3,20,1,26,20,0,6,1,16,13,9,0,2,28,7,23,2,6,0,7,2,5,11,0,13,1,0,32,0,7,14,5,12,9,3,21,8,11,0,20,20,0,17,4,0,5,7,30,31,31,14,0,6,27,26,11,0,9,0,23,13,1,0,19,0,9,16,11,32,0,32,42,11,0,7,1,10,9,25,38,11,12,10,9,13,11,8,10,0,18,22,0,2,8,13,26,3,0,27,
41,3,22,1,27,19,0,6,1,17,14,8,0,2,29,8,23,2,6,0,7,2,6,12,0,14,1,0,33,0,8,13,6,13,10,3,21,9,13,0,20,20,0,15,5,0,5,7,33,33,31,14,0,6,28,26,11,0,10,0,24,14,1,0,19,0,10,16,11,31,0,32,43,11,0,7,1,10,10,26,37,10,13,10,9,14,10,8,10,0,21,22,0,2,8,13,27,3,0,27,
40,3,22,1,29,20,0,7,1,18,15,6,0,2,29,8,23,2,6,0,7,2,6,12,0,15,1,0,34,0,8,13,6,14,11,4,23,9,12,0,20,20,0,14,5,0,6,8,34,35,30,14,0,7,28,26,11,0,10,0,24,14,1,0,19,0,10,17,11,36,0,32,43,10,0,7,1,11,10,26,39,11,14,12,9,14,10,8,10,0,20,22,0,2,10,15,27,3,0,29,
42,3,21,1,29,19,0,8,1,18,15,6,0,2,31,9,23,2,6,0,7,2,7,12,0,15,2,0,39,0,8,13,6,14,13,4,24,11,13,0,20,20,0,15,5,0,6,7,35,35,30,14,0,6,28,28,13,0,12,0,25,14,1,0,21,0,10,19,11,34,0,33,43,10,0,7,1,11,12,26,42,11,16,12,9,15,10,8,10,0,20,23,0,2,11,15,29,3,0,30,
40,3,21,1,28,19,0,8,1,19,15,6,0,2,32,8,23,2,6,0,9,2,7,12,0,15,3,0,38,0,8,13,7,14,12,4,25,12,13,0,21,20,0,16,5,0,6,7,36,36,31,13,0,6,30,28,12,0,13,0,25,13,1,0,23,0,11,19,13,34,0,33,42,10,0,7,2,12,12,27,41,10,18,13,8,17,10,8,11,0,21,24,0,2,12,15,28,3,0,32,
41,3,21,1,29,19,0,9,1,20,15,6,0,2,34,9,22,2,6,0,9,2,7,13,0,15,3,0,40,0,8,13,7,15,12,5,26,11,14,0,21,21,0,17,5,0,7,8,37,36,31,13,0,6,31,29,12,0,13,0,28,14,1,0,23,0,11,19,13,36,0,36,39,9,0,8,2,14,12,27,44,11,18,16,8,17,10,8,11,0,22,25,0,2,12,14,28,3,0,33,
43,3,21,1,28,19,0,9,1,20,15,6,0,2,35,9,24,2,7,0,10,2,7,12,0,15,2,0,40,0,8,13,7,17,13,6,27,11,14,0,23,21,0,16,6,0,7,8,37,37,32,12,0,6,33,30,12,0,12,0,27,15,1,0,24,0,11,19,13,38,0,37,42,9,0,8,2,15,12,27,46,13,18,17,9,19,11,8,12,0,24,26,0,2,12,14,28,3,0,34,
45,3,21,1,29,20,0,9,1,22,16,6,0,2,36,9,24,2,7,0,11,2,7,10,0,17,2,0,40,0,8,13,7,17,14,6,27,11,14,0,25,21,0,18,6,0,7,11,37,37,35,11,0,6,34,30,13,0,12,0,27,16,1,0,27,0,13,18,13,39,0,41,41,9,0,8,2,15,13,27,47,14,19,19,9,18,11,8,12,0,27,26,0,2,12,17,26,3,0,35,
43,3,21,1,29,20,0,9,1,22,17,6,0,2,36,10,26,2,8,0,11,2,8,10,0,18,2,0,39,0,8,15,8,16,15,7,29,11,15,0,28,22,0,18,6,0,8,13,36,38,33,12,0,6,35,31,13,0,13,0,29,16,1,0,27,0,13,20,12,40,0,41,40,9,0,8,2,16,15,29,48,13,20,21,9,18,12,8,12,0,28,26,0,2,13,17,25,3,0,37,
44,3,20,1,30,21,0,10,1,22,17,6,0,2,40,10,26,2,8,0,12,2,8,10,0,19,2,0,40,0,9,16,8,15,15,8,29,12,15,0,29,22,0,18,7,0,9,14,39,42,33,12,0,6,36,34,13,0,12,0,30,17,1,0,27,0,13,21,12,40,0,40,44,8,0,8,2,16,15,30,48,13,22,21,9,18,12,9,14,0,28,26,0,2,13,18,29,3,0,37,
44,3,22,1,31,25,0,9,1,22,17,6,0,2,42,12,25,2,6,0,13,3,9,11,0,20,2,0,40,0,9,16,8,17,16,9,30,12,13,0,32,24,0,18,6,0,11,15,39,42,33,13,0,6,36,34,14,0,13,0,31,16,2,0,28,0,15,25,12,42,0,40,45,8,0,9,2,18,15,30,49,14,22,21,11,17,13,10,14,0,29,27,0,2,13,17,27,3,0,38,
43,3,22,1,31,26,0,9,1,24,18,6,0,2,43,12,27,2,5,0,13,3,10,12,0,21,2,0,41,0,9,16,8,18,18,9,29,12,13,0,32,26,0,18,6,0,10,16,39,43,33,13,0,7,37,36,13,0,13,0,33,15,2,0,30,0,15,25,12,43,0,39,45,8,0,10,2,18,15,32,49,15,23,21,11,19,14,10,15,0,30,28,0,2,13,18,28,4,0,38,
44,4,23,1,31,26,0,9,1,25,19,6,0,2,43,13,30,2,5,0,13,3,11,11,0,23,2,0,43,0,9,17,8,18,18,10,31,12,14,0,34,26,0,18,6,0,12,16,38,44,32,14,0,7,37,38,13,0,13,0,32,16,2,0,30,0,16,27,12,41,0,39,49,8,0,11,2,19,18,32,50,18,24,21,12,19,14,10,15,0,31,29,0,2,16,18,29,4,0,39,
46,4,23,1,31,29,0,9,1,26,19,7,0,1,44,15,31,2,6,0,13,3,11,13,0,23,2,0,43,0,9,18,8,19,19,10,32,12,16,0,34,28,0,16,7,0,10,16,37,44,33,14,0,9,37,39,13,0,13,0,32,18,2,0,31,0,16,26,12,41,0,39,48,8,0,11,3,20,21,32,52,17,25,22,14,19,14,10,15,0,34,29,0,2,16,21,28,5,0,40,
45,4,24,1,31,29,0,9,2,27,21,8,0,1,44,15,31,2,6,0,13,3,11,13,0,24,2,0,43,0,9,21,10,21,20,9,33,13,17,0,35,28,0,16,7,0,10,16,37,45,34,14,0,9,38,39,13,0,13,0,32,19,2,0,31,0,17,26,12,41,0,41,49,7,0,12,3,21,22,32,53,18,26,22,14,19,14,10,18,0,35,30,0,2,16,21,30,6,0,40,
47,4,26,1,31,29,0,12,2,29,23,9,0,2,42,15,32,1,6,0,14,3,11,14,0,24,2,0,43,0,10,21,11,21,21,10,35,13,18,0,38,27,0,16,7,0,9,17,39,46,35,13,0,9,39,38,14,0,13,0,33,18,2,0,32,0,18,27,13,41,0,43,51,7,0,13,3,21,23,35,52,18,28,23,15,19,13,10,18,0,36,32,0,2,18,20,32,6,0,40,
47,4,27,1,33,29,0,11,2,29,26,8,0,2,41,15,33,1,6,0,14,3,11,15,0,25,2,0,42,0,10,22,11,22,21,10,34,13,19,0,41,28,0,16,6,0,9,16,42,46,36,14,0,8,41,35,15,0,12,0,36,19,2,0,33,0,18,30,14,42,0,45,51,7,0,13,3,21,24,34,52,20,30,24,16,20,13,10,18,0,37,35,0,2,19,20,33,6,0,40,
47,4,27,1,31,30,0,11,2,30,27,7,0,2,41,15,33,1,7,0,14,3,11,16,0,29,2,0,44,0,11,22,11,22,23,10,36,14,19,0,42,29,0,18,6,0,9,16,44,47,36,15,0,9,40,36,15,0,12,0,36,21,3,0,34,0,19,30,14,43,0,45,55,7,0,14,3,24,25,35,56,19,31,24,15,22,13,10,18,0,38,36,0,2,21,19,34,6,0,42,
48,4,28,1,31,33,0,11,2,32,26,8,0,2,43,16,33,1,7,0,15,3,11,18,0,30,2,0,44,0,11,23,11,22,24,10,36,15,19,0,43,30,0,19,6,0,10,17,44,46,36,16,0,9,39,36,16,0,14,0,35,21,3,0,35,0,18,31,15,45,0,47,52,7,0,14,3,26,27,37,57,19,32,24,15,21,14,10,19,0,39,36,0,2,23,19,35,7,0,42,
49,4,27,1,32,33,0,11,2,33,27,8,0,2,42,16,34,1,7,0,15,3,11,18,0,30,2,0,45,0,12,26,12,22,24,10,36,15,19,0,40,30,0,19,6,0,10,17,45,45,39,16,0,9,40,38,16,0,14,0,33,24,3,0,37,0,19,31,14,45,0,47,54,7,0,14,4,25,28,41,58,19,33,24,16,19,16,10,21,0,40,38,0,2,25,20,35,7,0,42,
49,5,29,1,33,34,0,11,2,34,28,10,0,2,42,16,35,1,7,0,15,3,12,19,0,30,2,0,46,0,11,26,12,24,24,11,38,15,18,0,41,30,0,19,6,0,10,17,46,45,41,17,0,9,42,38,17,0,14,0,33,24,3,0,39,0,20,31,14,43,0,49,55,7,0,15,5,26,29,40,59,19,34,25,16,18,17,11,22,0,40,38,0,2,25,18,37,7,0,41,
49,6,30,1,36,34,0,10,2,36,31,9,0,3,43,17,36,1,9,0,14,3,12,19,0,33,3,0,48,0,11,25,12,25,25,11,40,17,20,0,42,31,0,18,6,0,9,18,46,46,41,16,0,9,43,39,18,0,15,0,34,26,3,0,39,0,21,31,15,44,0,49,55,7,0,15,5,26,30,42,61,19,33,27,17,18,18,12,24,0,41,41,0,2,27,19,37,7,0,41,
51,6,32,1,36,35,0,12,2,35,31,10,0,3,46,17,35,2,8,0,16,4,11,17,0,34,3,0,49,0,13,26,13,28,25,11,41,18,21,0,45,33,0,18,6,0,10,18,45,46,42,16,0,9,45,42,17,0,15,0,34,28,3,0,39,0,22,31,15,45,0,49,56,8,0,15,5,27,30,44,58,20,33,29,17,20,18,12,25,0,42,41,0,2,30,22,38,7,0,42,
52,6,33,1,36,36,0,12,2,35,30,10,0,3,47,18,36,2,8,0,16,4,12,17,0,34,3,0,49,0,13,26,13,27,26,10,42,18,21,0,48,34,0,18,7,0,10,19,45,46,44,16,0,10,45,42,17,0,16,0,35,30,4,0,41,0,22,33,15,46,0,49,56,9,0,16,5,27,30,45,58,22,32,29,16,20,17,12,28,0,41,41,0,2,31,24,37,7,0,41,
52,6,32,1,36,37,0,14,2,35,30,10,0,3,47,19,37,2,8,0,17,4,12,18,0,35,3,0,51,0,13,24,13,27,26,11,45,20,24,0,48,37,0,18,7,0,12,19,48,50,45,18,0,11,44,41,18,0,17,0,38,30,4,0,41,0,22,33,16,45,0,51,58,10,0,17,5,27,31,46,62,26,32,30,17,21,18,12,29,0,43,42,0,2,32,24,40,7,0,42,
52,6,32,1,37,36,0,14,2,36,30,11,0,3,47,19,40,2,10,0,18,4,12,18,0,35,3,0,52,0,13,24,13,27,27,11,45,20,24,0,48,36,0,19,7,0,12,19,48,51,44,18,0,11,44,40,18,0,18,0,40,32,4,0,41,0,22,35,16,45,0,52,60,10,0,16,5,27,33,46,63,28,32,30,18,23,18,12,27,0,45,42,0,2,32,24,41,7,0,43,
54,7,34,1,36,34,0,17,2,37,31,11,0,4,50,19,39,3,10,0,20,4,13,19,0,38,3,0,52,0,13,25,13,29,26,11,46,21,25,0,47,36,0,19,8,0,13,21,49,52,45,19,0,12,45,39,18,0,18,0,41,33,4,0,42,0,23,35,17,47,0,50,59,11,0,17,5,27,36,45,62,29,33,29,17,23,20,12,31,0,44,41,0,2,35,24,44,7,0,43,
55,7,35,1,35,35,0,18,2,37,32,11,0,4,51,19,38,2,12,0,20,4,14,19,0,40,3,0,52,0,13,25,13,29,25,11,47,21,25,0,48,36,0,19,8,0,13,20,48,52,45,21,0,13,46,40,19,0,18,0,43,34,4,0,44,0,24,35,17,47,0,51,58,11,0,17,5,27,36,45,63,30,33,29,17,26,23,12,32,0,45,41,0,2,35,24,45,7,0,43,
57,8,34,1,35,35,0,18,2,38,32,12,0,4,50,20,40,2,12,0,20,4,15,18,0,39,3,0,53,0,13,26,13,32,24,12,47,21,25,0,50,37,0,21,8,0,14,20,49,53,45,22,0,15,47,40,19,0,19,0,41,34,5,0,42,0,27,35,17,47,0,49,58,11,0,18,5,28,36,48,63,31,33,30,17,28,23,12,33,0,45,41,0,3,36,25,45,7,0,44,
57,8,35,1,36,36,0,20,2,38,32,14,0,4,53,22,39,2,13,0,20,4,16,17,0,40,3,0,56,0,13,26,13,33,24,12,50,22,26,0,51,37,0,22,8,0,14,20,48,54,43,23,0,15,47,43,20,0,19,0,41,35,7,0,43,0,29,38,18,47,0,51,57,12,0,18,5,29,37,50,62,31,33,31,17,29,23,12,34,0,46,41,0,3,38,26,44,7,0,45,
56,8,36,1,38,36,0,20,2,41,34,15,0,4,56,22,39,2,13,0,22,6,17,17,0,40,3,0,58,0,13,27,14,34,24,13,49,20,25,0,51,37,0,23,8,0,14,20,49,53,44,26,0,15,48,43,20,0,18,0,42,35,7,0,45,0,28,39,19,49,0,51,59,14,0,19,5,26,37,50,64,30,33,34,19,29,24,12,35,0,47,43,0,3,40,27,46,7,0,46,
54,8,36,1,39,35,0,21,2,41,34,15,0,4,57,22,41,2,12,0,24,6,17,18,0,40,3,0,58,0,13,27,16,34,24,13,51,20,25,0,52,37,0,24,9,0,14,20,49,52,43,26,0,14,48,46,20,0,20,0,43,38,8,0,48,0,28,41,21,47,0,52,58,14,0,19,5,29,36,51,64,30,34,34,19,30,26,12,39,0,49,44,0,3,40,28,50,9,0,47,
56,8,38,1,38,37,0,21,2,42,34,15,0,4,56,24,41,2,13,0,27,6,20,17,0,42,4,0,58,0,14,27,18,33,24,14,52,20,24,0,53,37,0,25,9,0,13,18,51,53,44,26,0,14,49,45,20,0,21,0,43,37,9,0,49,0,28,43,21,47,0,52,57,13,0,22,5,30,35,52,65,30,34,34,20,31,26,12,42,0,49,45,0,3,42,29,52,9,0,47,
55,9,38,1,39,37,0,21,2,42,34,16,0,4,54,24,43,2,13,0,28,6,21,18,0,43,4,0,60,0,15,27,18,33,25,16,51,21,23,0,52,35,0,28,9,0,13,17,54,54,45,29,0,14,50,47,21,0,22,0,43,37,9,0,49,0,28,42,22,49,0,53,58,13,0,24,5,32,38,54,68,31,34,35,22,31,26,13,44,0,50,45,0,3,43,29,53,9,0,47,
56,9,38,1,39,37,0,24,2,44,35,17,0,4,54,24,43,2,14,0,30,6,22,19,0,44,4,0,61,0,17,30,18,32,24,14,53,21,24,0,51,35,0,29,8,0,15,17,54,55,47,29,0,15,50,47,21,0,23,0,42,37,10,0,49,0,28,42,23,50,0,53,59,13,0,24,5,33,38,56,69,33,35,35,22,30,26,14,45,0,55,45,0,3,42,29,56,10,0,49,
57,9,37,1,41,39,0,25,2,44,36,17,0,4,55,25,44,2,14,0,31,7,22,19,0,44,4,0,61,0,16,29,18,33,25,14,52,21,26,0,52,34,0,27,8,0,15,17,56,55,49,29,0,15,50,48,21,0,25,0,44,38,10,0,48,0,29,46,23,51,0,53,59,14,0,25,5,34,41,56,70,33,36,37,22,32,27,15,46,0,56,44,0,4,42,29,56,10,0,51,
60,9,38,1,41,39,0,27,2,47,36,17,0,4,54,27,45,2,12,0,32,7,21,20,0,46,4,0,61,0,16,29,18,33,25,14,54,22,26,0,54,34,0,30,8,0,15,17,56,58,50,30,0,16,55,49,21,0,26,0,43,39,10,0,48,0,29,44,23,53,0,53,62,14,0,26,5,33,42,58,71,34,37,38,23,32,28,15,47,0,57,45,0,5,44,29,56,10,0,51,
60,9,39,1,42,42,0,28,2,48,38,17,0,4,55,27,48,2,12,0,32,7,21,17,0,47,4,0,61,0,16,29,18,33,25,15,56,24,26,0,56,34,0,33,9,0,15,18,57,56,50,29,0,18,55,48,20,0,27,0,42,39,10,0,51,0,30,44,21,52,0,53,62,14,0,26,4,36,42,59,67,32,37,39,23,32,28,15,47,0,59,47,0,5,45,28,55,10,0,53,
61,10,37,1,43,43,0,27,2,48,39,18,0,4,55,27,50,2,13,0,30,6,22,19,0,45,4,0,61,0,17,30,19,33,25,16,57,22,27,0,56,34,0,36,9,0,16,19,55,56,52,30,0,21,55,48,23,0,28,0,42,39,10,0,52,0,31,46,20,53,0,53,62,14,0,28,4,37,45,61,68,32,40,42,25,32,28,17,47,0,60,47,0,5,45,28,55,10,0,55,
62,10,37,1,45,43,0,28,2,49,38,19,0,4,54,28,50,2,14,0,31,7,23,20,0,47,4,0,62,0,18,30,19,33,26,17,58,23,28,0,55,34,0,38,11,0,17,20,55,57,51,30,0,21,55,49,24,0,28,0,42,40,10,0,51,0,31,46,22,57,0,53,60,15,0,28,4,37,45,61,68,33,43,42,26,34,29,18,47,0,62,47,0,6,46,28,56,10,0,55,
62,10,38,1,44,42,0,28,2,50,39,19,0,5,54,30,50,2,14,0,32,7,22,20,0,48,4,0,65,0,18,28,19,32,26,16,60,24,28,0,56,35,0,38,11,0,17,21,54,58,51,30,0,23,56,51,24,0,30,0,44,42,10,0,53,0,30,47,22,58,0,54,59,15,0,29,3,37,45,61,70,35,43,43,27,33,29,19,48,0,63,48,0,6,47,31,57,10,0,55,
62,10,37,1,44,43,0,28,2,51,39,20,0,5,54,30,50,2,14,0,32,7,23,19,0,47,4,0,64,0,19,28,19,33,25,16,59,24,28,0,57,36,0,39,11,0,18,21,53,59,52,30,0,25,55,52,24,0,30,0,45,42,11,0,53,0,31,47,22,58,0,53,60,15,0,30,3,38,47,62,70,36,44,43,30,34,30,19,50,0,62,47,0,6,48,31,58,11,0,57,
63,10,37,1,44,46,0,30,2,53,40,20,0,5,54,32,50,2,15,0,32,8,23,20,0,47,4,0,65,0,19,28,21,34,27,15,59,26,30,0,58,38,0,39,11,0,19,23,53,60,52,33,0,27,56,53,25,0,32,0,48,42,12,0,54,0,31,49,22,60,0,56,59,15,0,31,3,38,48,63,69,38,43,44,30,36,30,20,50,0,60,47,0,6,50,30,57,11,0,59,
63,10,37,1,46,47,0,30,2,54,41,21,0,5,56,31,49,2,16,0,32,7,23,20,0,48,5,0,66,0,19,28,21,33,28,15,60,28,31,0,58,38,0,39,11,0,19,25,54,60,52,33,0,28,55,53,26,0,31,0,48,42,12,0,54,0,31,50,24,61,0,55,60,16,0,32,3,36,48,63,69,39,43,45,30,39,34,20,50,0,62,47,0,7,53,30,60,12,0,61,
61,10,37,1,49,45,0,31,2,55,41,22,0,5,58,31,50,2,16,0,32,7,24,20,0,49,6,0,65,0,20,30,21,34,30,16,59,28,32,0,58,38,0,40,11,0,21,25,56,60,55,34,0,29,54,53,27,0,31,0,48,41,13,0,54,0,32,50,25,59,0,55,61,17,0,32,3,33,49,64,67,39,44,47,32,39,35,20,52,0,62,46,0,6,52,31,60,12,0,61,
62,11,37,1,49,46,0,30,3,56,43,22,0,5,58,32,51,2,18,0,35,7,27,20,0,50,6,0,66,0,22,30,21,34,30,16,59,26,33,0,58,40,0,41,11,0,22,27,55,60,56,35,0,28,55,56,26,0,34,0,49,41,12,0,56,0,33,50,25,60,0,54,62,17,0,32,3,33,47,65,68,39,45,47,34,39,37,19,53,0,64,46,0,6,54,31,62,13,0,60,
61,11,37,1,50,49,0,31,3,56,44,24,0,6,57,32,50,2,17,0,35,6,28,21,0,49,7,0,64,0,22,30,20,36,32,16,62,26,34,0,60,40,0,42,12,0,22,27,58,61,56,35,0,29,55,56,27,0,33,0,50,42,12,0,55,0,33,53,24,61,0,51,63,17,0,32,3,35,47,64,68,41,47,49,34,40,37,21,52,0,62,46,0,6,54,31,63,13,0,60,
60,12,38,1,53,51,0,31,3,57,46,24,0,7,56,31,50,2,16,0,36,7,29,21,0,50,8,0,64,0,21,29,21,34,34,16,62,27,34,0,60,41,0,42,13,0,22,28,58,61,56,35,0,30,57,55,30,0,34,0,51,43,12,0,56,0,34,55,24,62,0,52,64,17,0,35,3,35,46,64,70,43,48,50,36,43,38,21,55,0,63,48,0,5,56,32,67,13,0,61,
62,13,38,2,52,51,0,31,4,57,46,24,0,6,59,31,50,2,16,0,36,6,30,21,0,50,9,0,63,0,21,31,22,35,35,15,62,29,35,0,60,41,0,42,13,0,22,29,59,62,57,35,0,31,57,54,29,0,35,0,51,45,12,0,58,0,33,58,26,62,0,52,63,18,0,37,3,36,45,65,71,43,50,52,36,45,37,21,58,0,63,48,0,5,56,31,69,13,0,61,
62,12,39,2,55,50,0,33,3,58,47,24,0,7,61,31,51,2,16,0,38,6,31,24,0,53,9,0,63,0,22,32,23,33,37,16,63,27,34,0,60,42,0,44,13,0,22,29,60,61,57,40,0,34,56,53,33,0,35,0,50,45,12,0,59,0,36,58,27,62,0,54,65,18,0,37,3,37,48,66,73,44,51,52,38,47,36,21,63,0,64,49,0,5,56,32,69,15,0,63,
59,12,40,2,56,49,0,33,3,58,47,23,0,7,60,31,50,2,15,0,39,6,30,25,0,54,9,0,61,0,23,36,22,32,38,16,66,27,34,0,61,41,0,45,13,0,22,29,61,62,58,41,0,34,55,54,31,0,38,0,51,46,11,0,60,0,36,60,27,63,0,54,65,19,0,38,3,37,51,67,71,45,51,53,38,46,38,21,66,0,64,49,0,6,55,31,70,17,0,67,
59,11,40,2,56,51,0,34,3,57,47,22,0,7,61,31,51,2,15,0,40,6,29,26,0,56,10,0,63,0,23,34,23,33,38,17,70,28,34,0,65,42,0,46,13,0,23,32,60,60,58,42,0,36,54,55,32,0,36,0,51,45,11,0,61,0,37,61,29,63,0,54,69,20,0,40,3,39,51,67,71,47,52,54,38,46,38,23,66,0,65,50,0,6,55,30,70,17,0,66,
60,10,39,2,55,53,0,35,3,58,49,22,0,7,59,33,51,2,15,0,41,6,30,26,0,54,10,0,66,0,22,36,26,31,36,18,69,29,36,0,69,43,0,48,14,0,22,32,64,61,59,44,0,36,52,55,34,0,35,0,52,45,11,0,62,0,39,64,30,65,0,55,69,21,0,40,3,40,54,69,70,46,54,54,41,47,40,23,70,0,66,50,0,6,57,33,71,18,0,67,
62,10,39,2,53,52,0,36,3,58,51,23,0,7,61,34,54,3,17,0,41,6,32,25,0,53,10,0,68,0,22,37,28,29,37,21,68,30,37,0,72,45,0,48,14,0,23,34,65,61,59,45,0,36,51,57,33,0,34,0,53,46,13,0,64,0,39,64,32,65,0,56,68,23,0,41,3,41,53,70,69,46,54,55,44,48,39,24,72,0,66,51,0,6,56,34,72,18,0,69,
62,10,39,2,55,52,0,36,3,59,54,24,0,7,57,37,55,3,17,0,42,6,34,26,0,55,11,0,68,0,23,38,29,30,37,21,68,31,38,0,71,45,0,49,15,0,23,34,65,63,59,45,0,36,51,57,34,0,32,0,53,47,11,0,64,0,41,66,33,68,0,55,69,24,0,42,3,44,51,70,71,48,56,55,45,48,39,24,70,0,65,52,0,6,56,34,70,18,0,69,
63,10,40,2,57,53,0,38,3,59,55,24,0,7,59,39,56,3,16,0,41,7,35,28,0,55,11,0,70,0,24,38,30,31,38,22,69,31,38,0,70,45,0,51,15,0,23,35,66,63,59,48,0,40,52,56,34,0,32,0,57,45,11,0,65,0,41,67,33,69,0,56,71,25,0,42,3,44,54,71,71,50,56,55,45,49,39,24,70,0,63,53,0,5,56,34,70,18,0,70,
65,10,40,2,57,53,0,38,3,59,55,25,0,7,58,41,56,3,17,0,41,8,35,30,0,55,12,0,70,0,24,37,32,32,40,22,69,34,41,0,69,45,0,50,16,0,22,35,66,61,61,48,0,40,53,55,36,0,33,0,55,45,11,0,63,0,40,70,35,68,0,59,72,25,0,42,3,45,53,70,70,52,56,56,44,50,39,25,70,0,66,58,0,5,54,34,70,18,0,69,
70,10,40,2,57,52,0,38,3,59,56,25,0,8,57,41,57,3,17,0,42,9,37,32,0,55,12,0,68,0,24,37,33,32,43,22,70,36,43,0,72,47,0,51,17,0,23,35,67,63,62,48,0,42,56,54,37,0,34,0,55,45,11,0,63,0,39,70,36,68,0,61,74,26,0,42,3,47,56,69,72,52,56,57,44,52,43,25,71,0,66,58,0,5,55,34,72,19,0,70,
67,11,41,2,56,50,0,40,3,59,58,26,0,8,57,39,55,3,17,0,43,10,38,34,0,55,12,0,67,0,27,37,33,32,43,22,71,36,48,0,72,49,0,52,18,0,22,38,65,63,61,47,0,46,57,56,38,0,36,0,56,45,12,0,65,0,41,68,37,67,0,63,72,26,0,43,3,50,61,69,73,52,55,57,44,53,44,27,71,0,65,58,0,4,59,34,73,20,0,70,
67,12,42,2,57,50,0,39,3,59,56,28,0,8,59,40,55,3,19,0,44,10,37,33,0,59,12,0,69,0,29,39,34,32,45,22,71,37,49,0,73,49,0,51,18,0,23,40,65,62,63,47,0,45,57,59,40,0,38,0,56,46,12,0,64,0,42,68,38,67,0,64,74,26,0,44,3,51,62,72,73,53,56,57,45,53,44,28,72,0,64,61,0,4,61,35,73,20,0,72,
68,12,41,2,58,50,0,41,3,61,56,28,0,8,60,39,58,3,19,0,44,10,36,35,0,60,11,0,69,0,30,39,35,32,48,21,70,37,50,0,73,51,0,52,18,0,23,39,65,61,64,50,0,45,57,58,42,0,41,0,55,48,12,0,65,0,43,67,38,69,0,65,74,26,0,46,3,51,67,73,72,52,55,56,47,53,44,28,72,0,65,61,0,4,62,36,71,19,0,72,
67,13,41,2,58,49,0,45,4,59,56,29,0,10,59,40,57,3,19,0,45,10,36,35,0,59,11,0,70,0,30,40,36,32,48,22,69,36,52,0,75,52,0,54,18,0,26,41,63,61,64,49,0,46,56,59,43,0,42,0,56,48,12,0,64,0,44,66,39,68,0,66,73,27,0,47,3,52,67,71,72,53,55,57,47,54,45,29,72,0,65,62,0,5,63,36,70,18,0,73,
67,13,42,2,59,48,0,45,4,60,56,32,0,11,58,41,59,3,19,0,46,10,37,36,0,62,11,0,69,0,32,40,36,34,47,25,72,36,52,0,78,51,0,51,17,0,27,40,63,62,63,51,0,46,59,59,44,0,41,0,56,48,12,0,66,0,43,66,38,69,0,65,71,29,0,47,4,53,66,71,74,54,55,57,48,53,45,30,72,0,65,63,0,5,63,36,71,20,0,74,
68,13,43,2,60,48,0,45,4,60,57,33,0,12,59,41,61,3,21,0,49,9,38,39,0,62,11,0,69,0,32,41,37,35,47,28,71,37,52,0,79,48,0,53,17,0,28,42,65,64,64,51,0,46,61,61,44,0,41,0,56,49,12,0,66,0,44,66,37,68,0,67,73,30,0,48,4,53,66,73,74,57,58,57,48,53,46,29,73,0,64,61,0,5,63,37,71,20,0,73,
70,14,44,2,59,49,0,46,4,59,58,33,0,12,58,41,62,3,20,0,48,9,39,40,0,63,12,0,69,0,32,44,40,37,47,28,69,38,52,0,78,49,0,54,17,0,29,43,66,65,66,52,0,46,61,61,43,0,42,0,57,51,13,0,67,0,44,66,36,67,0,70,73,30,0,47,3,52,63,75,74,59,58,59,48,55,47,30,73,0,65,59,0,5,63,38,70,20,0,73,
70,15,43,3,61,49,0,48,5,59,59,34,0,12,60,40,62,4,20,0,48,10,39,40,0,62,12,0,70,0,35,44,40,37,49,29,70,39,53,0,78,49,0,55,17,0,29,44,68,62,66,53,0,46,63,61,43,0,42,0,59,52,13,0,70,0,44,70,37,68,0,72,74,30,0,47,3,52,64,76,73,59,58,62,49,56,47,32,75,0,64,58,0,5,62,38,70,21,0,73,
70,14,45,4,60,50,0,49,6,60,60,34,0,12,61,42,62,4,21,0,48,10,39,39,0,63,13,0,69,0,36,46,41,38,47,29,71,37,53,0,76,48,0,54,18,0,31,44,70,62,65,53,0,47,63,61,43,0,44,0,60,52,14,0,69,0,46,70,38,67,0,71,71,30,0,47,3,53,63,77,70,58,58,63,50,58,49,36,75,0,68,57,0,5,61,38,70,22,0,72,
70,13,44,4,62,50,0,49,6,60,61,35,0,13,62,44,63,4,25,0,51,9,40,40,0,66,13,0,72,0,37,47,41,39,48,29,70,38,53,0,79,49,0,52,17,0,32,44,69,61,62,54,0,47,63,62,44,0,44,0,62,51,17,0,69,0,47,70,38,66,0,73,72,29,0,46,3,55,63,77,71,62,58,62,54,59,49,37,74,0,69,57,0,5,60,37,71,22,0,73,
67,13,43,6,61,51,0,50,6,62,63,36,0,13,63,44,64,4,27,0,51,9,39,41,0,66,12,0,72,0,39,48,41,39,50,30,71,39,53,0,79,51,0,53,17,0,36,44,70,61,64,54,0,46,61,61,45,0,46,0,61,54,18,0,68,0,50,71,38,71,0,73,73,29,0,48,3,54,63,77,72,61,60,62,56,58,50,38,75,0,69,58,0,5,60,38,71,24,0,73,
68,14,45,5,63,52,0,53,6,62,63,34,0,14,66,46,64,6,28,0,50,10,39,42,0,67,12,0,71,0,38,49,43,40,54,30,71,40,56,0,79,51,0,54,17,0,38,43,70,61,66,54,0,46,61,61,45,0,44,0,61,52,20,0,69,0,50,73,39,71,0,73,72,28,0,48,3,54,62,79,72,61,61,61,59,56,52,39,75,0,69,56,0,5,60,43,73,26,0,74,
67,14,46,5,64,51,0,52,5,63,62,36,0,16,67,47,65,6,29,0,51,10,38,44,0,70,13,0,75,0,40,49,44,41,54,33,72,40,55,0,78,53,0,53,18,0,38,41,70,62,68,57,0,47,61,62,45,0,43,0,63,54,21,0,71,0,50,75,41,71,0,72,73,29,0,47,3,53,63,83,71,63,60,61,60,58,54,38,76,0,71,55,0,6,60,42,72,28,0,74,
65,15,48,6,67,49,0,53,7,64,63,37,0,18,68,47,65,6,29,0,52,10,41,44,0,71,12,0,75,0,41,52,44,42,56,34,72,40,53,0,78,53,0,53,18,0,40,42,69,64,69,58,0,46,61,62,45,0,42,0,63,55,22,0,73,0,48,76,44,71,0,74,72,29,0,49,3,55,66,83,69,64,63,62,59,59,55,40,76,0,71,58,0,7,59,43,74,29,0,75,
64,16,48,6,67,48,0,54,7,64,62,37,0,18,71,49,65,6,29,0,52,10,41,45,0,72,12,0,74,0,42,53,46,42,56,35,72,41,55,0,77,54,0,54,18,0,42,44,67,64,69,60,0,49,62,63,44,0,43,0,65,55,22,0,73,0,49,77,44,70,0,74,71,30,0,50,3,54,68,80,69,64,64,64,60,58,57,41,77,0,68,57,0,7,60,46,76,29,0,76,
65,15,48,6,70,48,0,55,7,64,63,38,0,19,70,49,66,7,29,0,52,9,42,44,0,73,12,0,76,0,45,54,46,44,58,36,70,43,52,0,78,53,0,54,18,0,41,43,67,64,67,60,0,50,60,64,46,0,44,0,66,55,24,0,71,0,51,76,43,72,0,74,72,31,0,50,3,55,68,81,68,66,65,63,58,58,59,41,78,0,67,57,0,7,60,47,76,30,0,74,
65,16,47,6,70,46,0,54,6,63,60,40,0,19,72,50,66,7,29,0,55,9,42,45,0,73,12,0,79,0,46,53,45,45,59,37,71,43,52,0,78,53,0,53,19,0,40,45,69,65,63,58,0,53,58,66,48,0,43,0,63,57,24,0,71,0,53,74,45,70,0,74,75,30,0,49,3,53,70,81,67,65,65,63,55,60,61,41,78,0,66,58,0,7,59,49,76,31,0,72,
67,16,50,7,72,45,0,54,6,62,61,40,0,19,71,49,66,8,33,0,55,10,42,49,0,74,12,0,79,0,46,53,44,44,59,38,70,45,52,0,78,54,0,52,21,0,42,47,68,65,64,59,0,52,58,63,48,0,44,0,63,57,24,0,73,0,54,75,46,69,0,75,75,30,0,49,3,54,70,79,68,64,65,62,55,59,61,41,77,0,66,57,0,7,60,50,76,31,0,71,
69,15,50,6,72,44,0,52,8,62,61,41,0,19,69,50,67,8,34,0,55,10,42,50,0,73,14,0,81,0,44,52,45,44,61,37,70,46,53,0,77,55,0,53,22,0,43,49,68,69,63,61,0,52,63,65,51,0,44,0,65,57,23,0,75,0,56,75,49,67,0,75,74,30,0,50,3,53,68,79,68,65,66,62,54,61,59,40,77,0,67,58,0,7,60,50,75,33,0,71,
3,0,9,0,5,7,0,22,0,5,4,1,0,2,12,11,4,8,8,0,16,0,5,3,0,7,0,0,11,0,3,16,0,2,10,4,41,18,1,0,11,6,0,17,1,0,2,6,34,1,7,12,0,3,13,9,28,0,0,0,12,18,22,0,16,0,6,43,9,5,0,39,19,5,0,1,0,7,8,31,2,16,9,4,11,5,29,3,28,0,7,30,0,0,5,8,16,1,0,7,
3,0,10,0,5,8,0,23,0,6,4,1,0,2,12,11,4,8,8,0,16,0,5,3,0,7,0,0,11,0,3,16,0,2,10,4,43,20,1,0,12,6,0,17,1,0,2,6,33,1,8,12,0,3,14,9,28,0,0,0,13,19,23,0,17,0,7,44,9,6,0,41,20,6,0,1,0,7,7,33,2,16,11,4,11,6,31,3,27,0,7,31,0,0,6,8,15,1,0,7,
4,0,10,0,5,10,0,25,0,7,4,2,0,2,13,12,4,8,8,0,16,0,6,3,0,8,0,0,11,0,3,16,0,2,11,4,44,21,1,0,12,6,0,18,1,0,2,6,33,1,9,14,0,3,15,9,30,0,0,0,14,19,26,0,17,0,7,44,11,6,0,40,19,6,0,1,0,7,7,33,3,16,12,4,11,7,31,3,30,0,6,31,0,0,6,8,16,1,0,7,
4,0,9,0,5,10,0,27,0,7,4,2,0,2,15,12,4,8,8,0,20,0,6,4,0,7,0,0,11,0,4,16,0,2,11,3,44,21,1,0,12,6,0,18,1,0,2,6,34,1,9,14,0,3,15,9,30,0,0,0,14,22,27,0,17,0,7,45,12,7,0,39,20,6,0,2,0,7,7,35,3,16,12,4,13,7,31,3,32,0,6,31,0,0,6,8,15,1,0,7,
4,0,9,0,4,10,0,27,0,7,4,1,0,2,16,12,4,8,9,0,20,0,6,4,0,9,0,0,12,0,4,16,0,2,11,3,44,22,1,0,12,6,0,18,1,0,2,6,33,1,9,14,0,3,15,10,31,0,0,0,15,24,29,0,17,0,7,45,13,8,0,39,19,6,0,2,0,7,7,35,3,17,14,5,13,7,30,3,34,0,7,33,0,0,6,8,15,1,0,7,
4,0,9,0,4,11,0,29,0,7,4,1,0,2,17,13,4,9,12,0,19,0,7,4,0,9,0,0,11,0,4,17,0,2,11,3,46,23,1,0,13,6,0,20,1,0,2,6,35,2,9,14,0,3,16,10,31,0,0,0,15,28,30,0,16,0,7,45,14,9,0,40,20,6,0,2,0,7,7,35,3,16,14,5,14,6,29,3,33,0,8,33,0,0,5,8,16,1,0,8,
4,0,9,0,4,12,0,31,0,7,4,1,0,4,20,12,4,9,11,0,19,0,7,6,0,9,0,0,11,0,4,16,0,2,11,3,45,24,1,0,13,7,0,20,1,0,2,7,37,2,10,14,0,3,17,10,31,0,0,0,15,27,30,0,17,0,9,48,14,9,0,41,18,7,0,2,0,7,7,37,3,18,14,4,14,6,29,3,33,0,7,34,0,0,5,8,16,2,0,8,
4,0,9,0,4,12,0,32,0,7,4,1,0,4,20,11,4,9,13,0,19,0,7,6,0,9,0,0,11,0,5,16,0,2,11,3,46,24,1,0,13,7,0,21,1,0,3,7,39,2,10,13,0,3,17,10,32,0,0,0,14,27,30,0,18,0,9,47,14,10,0,41,19,8,0,2,0,7,7,35,3,19,14,4,14,6,29,3,32,0,9,36,0,0,5,8,16,1,0,8,
4,0,9,0,4,12,0,35,0,7,4,1,0,4,21,11,4,11,12,0,20,0,7,7,0,10,0,0,13,0,5,17,0,2,12,3,49,24,1,0,12,8,0,22,1,0,4,8,39,2,10,13,0,3,17,11,32,0,0,0,15,28,30,0,18,0,11,47,15,10,0,41,19,8,0,2,0,8,7,35,3,17,14,4,16,6,30,3,35,0,10,36,0,0,4,9,16,1,0,9,
4,0,9,0,5,12,0,34,0,8,4,1,0,4,20,13,4,10,12,0,21,0,7,7,0,10,0,0,14,0,5,18,0,2,14,2,52,25,1,0,12,8,0,23,1,0,4,7,39,2,12,14,0,3,18,11,32,0,0,0,14,28,31,0,19,0,10,47,16,11,0,41,20,8,0,2,0,8,7,35,3,17,14,4,18,5,30,2,34,0,10,38,0,0,4,9,16,1,0,9,
4,0,10,0,5,13,0,34,0,8,4,1,0,4,23,14,4,10,13,0,20,0,7,6,0,10,0,0,14,0,5,17,0,2,14,2,53,26,1,0,12,8,0,23,1,0,4,7,38,2,12,13,0,3,19,13,31,0,0,0,14,29,34,0,19,0,10,48,16,11,0,44,21,8,0,2,0,8,7,38,3,17,14,4,17,5,33,2,34,0,10,39,0,0,4,9,17,1,0,9,
4,0,10,0,5,14,0,35,0,7,4,1,0,4,24,14,4,10,13,0,21,0,7,6,0,11,0,0,14,0,5,16,0,3,14,2,53,27,1,0,12,8,0,24,1,0,4,8,36,2,12,14,0,3,21,14,32,0,0,0,14,31,33,0,18,0,11,48,16,12,0,47,21,8,0,2,0,8,7,38,3,18,14,4,16,4,33,2,35,0,11,40,0,0,4,10,17,1,0,10,
4,0,10,0,4,14,0,37,0,7,4,1,0,4,25,13,6,10,13,0,20,0,7,6,0,11,0,0,14,0,7,16,0,3,15,2,53,28,1,0,12,8,0,24,2,0,4,9,36,2,12,14,0,3,19,14,34,0,0,0,14,35,33,0,19,0,11,45,17,13,0,48,21,9,0,2,0,9,7,39,3,19,16,5,16,5,33,3,36,0,11,41,0,0,5,11,18,1,0,10,
5,0,10,0,4,15,0,38,0,7,4,1,0,4,25,13,6,11,13,0,21,0,8,6,0,12,0,0,15,0,9,16,0,3,14,2,57,31,1,0,13,9,0,25,2,0,4,9,36,3,12,14,0,4,19,13,33,0,0,0,14,33,33,0,19,0,11,45,17,13,0,50,22,9,0,2,0,9,7,40,3,18,18,5,16,5,36,3,37,0,11,43,0,0,5,11,19,1,0,10,
5,0,10,0,4,16,0,37,0,6,4,1,0,4,27,13,7,11,13,0,21,0,8,6,0,11,0,0,14,0,9,16,0,3,15,2,57,32,1,0,13,10,0,27,2,0,5,9,37,2,12,13,0,4,19,13,36,0,0,0,14,33,33,0,19,0,12,44,18,13,0,52,22,9,0,3,0,9,8,40,3,20,20,5,18,5,38,3,40,0,12,44,0,0,5,11,20,1,0,10,
5,0,10,0,4,16,0,40,0,6,4,1,0,4,27,14,6,11,13,0,20,0,8,5,0,11,0,0,13,0,11,16,0,3,17,2,57,33,1,0,14,10,0,26,2,0,5,9,38,2,13,13,0,4,19,13,36,0,0,0,16,33,32,0,21,0,11,45,19,13,0,52,22,8,0,3,0,9,8,40,3,20,20,5,18,6,39,3,40,0,14,44,0,0,6,12,21,1,0,10,
5,0,10,0,5,17,0,39,0,6,4,1,0,4,29,15,6,11,13,0,19,0,8,5,0,10,0,0,13,0,11,18,0,3,17,2,56,34,1,0,15,10,0,27,2,0,4,10,38,2,13,14,0,4,18,13,38,0,0,0,16,34,34,0,23,0,11,46,20,15,0,52,25,8,0,2,0,9,8,40,3,22,21,6,18,6,40,2,43,0,15,46,0,0,6,13,21,2,0,10,
5,0,11,0,5,17,0,40,0,6,3,1,0,4,30,15,6,11,13,0,19,0,8,6,0,10,0,0,13,0,10,19,0,4,17,2,57,35,1,0,16,11,0,28,2,0,4,10,37,2,14,15,0,4,19,14,41,0,0,0,15,34,34,0,22,0,12,47,21,14,0,52,26,9,0,2,0,8,8,41,3,22,20,7,18,6,39,2,43,0,15,49,0,0,6,13,22,2,0,13,
5,0,9,0,6,17,0,40,0,6,3,1,0,5,32,15,6,12,15,0,18,0,11,7,0,9,0,0,13,0,10,20,0,3,19,2,58,36,1,0,17,11,0,29,2,0,4,10,38,2,14,16,0,4,21,13,42,0,0,0,16,35,36,0,23,0,15,50,22,14,0,53,28,8,0,2,0,8,8,43,3,22,21,7,18,7,39,2,43,0,15,48,0,0,6,13,23,2,0,13,
5,0,9,0,6,17,0,41,0,7,4,1,0,5,33,15,6,12,15,0,19,0,11,7,0,9,0,0,12,0,10,23,0,4,19,2,61,34,1,0,18,11,0,28,2,0,4,10,38,2,16,16,0,5,22,13,42,0,0,0,17,37,37,0,23,0,14,52,23,15,0,51,28,8,0,2,0,9,8,42,3,23,22,7,19,7,40,2,44,0,16,51,0,0,6,14,24,2,0,13,
6,0,9,0,6,17,0,43,0,7,4,1,0,6,32,15,6,12,15,0,19,0,13,7,0,9,0,0,11,0,11,22,0,4,19,2,61,36,1,0,18,11,0,29,2,0,4,10,40,3,17,17,0,5,23,14,42,0,0,0,17,35,38,0,23,0,15,53,25,16,0,53,28,7,0,2,0,10,8,43,4,23,24,7,21,7,42,2,46,0,16,53,0,0,6,13,25,2,0,13,
5,0,10,0,7,18,0,42,0,7,5,1,0,6,33,15,6,12,15,0,21,0,13,7,0,10,0,0,13,0,11,22,0,4,19,3,59,37,1,0,18,11,0,30,2,0,4,10,39,3,18,17,0,4,23,14,42,0,0,0,17,38,38,0,23,0,16,54,26,16,0,55,28,7,0,2,0,11,8,44,3,24,24,8,21,8,42,2,48,0,16,53,0,0,6,14,27,2,0,13,
5,0,12,0,7,18,0,41,0,7,5,1,0,6,34,16,7,12,17,0,22,0,15,7,0,10,0,0,11,0,11,22,0,4,21,3,61,38,1,0,19,10,0,32,2,0,4,10,39,3,18,18,0,4,22,14,44,0,0,0,18,38,39,0,24,0,16,53,28,16,0,54,29,8,0,2,0,13,8,42,3,26,25,8,21,8,43,2,48,0,18,56,0,0,6,14,27,2,0,13,
5,0,13,0,8,19,0,41,0,8,5,1,0,6,35,18,7,13,19,0,23,0,17,7,0,10,0,0,12,0,11,22,0,4,21,3,62,39,1,0,20,11,0,34,2,0,4,10,40,3,18,18,0,5,23,15,45,0,0,0,18,40,41,0,24,0,16,53,27,16,0,53,28,8,0,2,0,15,9,43,3,25,26,8,22,9,43,2,48,0,18,57,0,0,6,14,26,2,0,12,
5,0,16,0,8,19,0,41,0,9,5,1,0,6,35,18,7,14,17,0,23,0,16,8,0,11,0,0,13,0,10,26,0,4,21,3,61,41,1,0,19,11,0,34,2,0,4,10,39,3,18,20,0,5,23,16,45,0,0,0,19,41,40,0,24,0,17,57,27,16,0,55,29,9,0,2,0,17,9,44,3,26,26,8,23,7,43,2,50,0,18,59,0,0,6,15,26,2,0,13,
5,0,16,0,9,20,0,40,0,8,5,1,0,6,35,19,7,16,18,0,25,0,18,7,0,11,0,0,13,0,10,28,0,4,21,3,60,39,1,0,19,11,0,34,2,0,3,10,40,3,19,20,0,5,23,15,46,0,0,0,19,40,40,0,25,0,18,57,28,16,0,55,28,9,0,2,0,17,10,46,2,26,27,8,25,7,45,1,49,0,18,57,0,0,6,15,28,2,0,14,
5,0,17,0,10,21,0,41,0,9,5,1,0,6,35,19,7,17,18,0,24,0,19,8,0,12,0,0,13,0,10,27,0,4,20,3,62,40,1,0,20,11,0,34,2,0,3,10,41,3,19,19,0,5,23,15,46,0,0,0,20,41,41,0,26,0,20,57,28,17,0,55,31,10,0,2,0,18,10,47,2,26,27,8,27,7,48,1,50,0,19,57,0,0,6,16,29,2,0,14,
6,0,17,0,10,22,0,43,0,9,5,1,0,6,36,20,7,17,20,0,26,0,20,8,0,13,0,0,13,0,10,26,0,6,21,3,62,42,1,0,21,11,0,36,2,0,3,10,42,4,19,19,0,5,21,14,47,0,0,0,20,41,41,0,26,0,19,59,30,18,0,57,32,10,0,2,0,18,11,46,2,26,30,10,27,8,48,1,51,0,20,57,0,0,6,16,30,2,0,14,
7,0,18,0,11,21,0,43,0,10,6,1,0,7,37,20,7,18,21,0,27,0,21,8,0,14,0,0,14,0,11,27,0,5,21,3,61,43,1,0,21,13,0,34,2,0,3,11,43,4,20,20,0,6,21,14,47,0,0,0,22,44,41,0,26,0,20,58,30,18,0,58,33,10,0,2,0,21,12,47,2,26,30,10,28,7,49,1,52,0,21,61,0,0,7,15,30,2,0,14,
8,0,20,0,12,21,0,42,0,12,6,1,0,7,38,20,7,18,22,0,28,0,21,9,0,16,0,0,17,0,11,26,0,6,22,4,61,41,1,0,21,13,0,35,2,0,3,11,44,4,23,20,0,6,22,15,51,0,0,0,22,44,44,0,28,0,20,61,30,18,0,59,34,10,0,2,0,20,12,48,2,27,30,11,28,9,52,1,53,0,20,62,0,0,7,17,29,2,0,14,
9,0,20,0,12,22,0,40,0,12,6,1,0,7,39,20,7,20,23,0,29,0,22,9,0,15,0,0,17,0,12,27,0,6,24,4,63,42,1,0,21,14,0,34,2,0,3,11,47,4,24,21,0,6,24,15,52,0,0,0,24,46,42,0,31,0,23,63,31,19,0,59,34,13,0,2,0,21,14,47,2,28,30,12,28,10,52,1,53,0,21,65,0,0,7,18,28,2,0,15,
10,0,19,0,12,23,0,41,0,13,6,1,0,7,39,20,8,22,22,0,31,0,24,10,0,15,0,0,17,0,12,26,0,6,24,4,63,42,1,0,23,14,0,34,2,0,3,11,48,4,25,22,0,6,25,17,52,0,0,0,26,47,42,0,32,0,22,63,32,20,0,58,36,14,0,2,0,21,16,49,3,27,30,13,28,9,51,1,54,0,22,66,0,0,7,18,29,2,0,15,
11,0,20,0,12,25,0,42,0,13,6,1,0,7,40,20,8,21,23,0,32,0,25,10,0,16,0,0,18,0,12,25,0,7,25,5,65,42,1,0,23,16,0,33,2,0,3,14,51,5,25,23,0,6,25,18,52,0,0,0,26,48,44,0,33,0,22,64,32,22,0,59,33,14,0,2,0,21,16,50,4,27,33,14,29,9,53,1,56,0,25,66,0,0,8,18,31,2,0,17,
11,0,20,0,13,27,0,42,0,13,5,1,0,7,41,22,8,23,24,0,33,0,25,9,0,16,0,0,17,0,13,25,0,7,25,5,67,42,1,0,23,16,0,32,2,0,3,15,49,4,25,23,0,6,26,18,53,0,0,0,26,48,44,0,35,0,21,66,33,23,0,59,34,16,0,2,0,21,15,51,4,27,33,14,29,9,54,1,57,0,25,65,0,0,8,16,32,2,0,17,
12,0,20,0,13,28,0,43,0,15,7,2,0,7,43,24,9,25,27,0,33,0,28,9,0,17,0,0,17,0,13,25,0,7,26,5,66,42,1,0,22,15,0,34,2,0,3,15,50,4,25,25,0,6,27,18,55,0,0,0,27,50,44,0,33,0,21,66,34,23,0,59,33,17,0,2,0,21,15,53,4,27,33,14,30,8,56,1,58,0,25,65,0,0,8,16,30,2,0,16,
13,0,21,0,13,28,0,43,0,14,6,2,0,6,45,25,9,25,30,0,33,0,29,8,0,16,0,0,18,0,15,25,0,8,26,6,65,40,1,0,24,15,0,36,3,0,3,16,52,5,26,27,0,6,27,18,56,0,0,0,27,53,45,0,33,0,21,65,34,25,0,59,34,18,0,2,0,21,18,54,4,28,33,15,31,9,56,1,58,0,26,61,0,0,8,16,32,2,0,17,
13,0,21,0,14,29,0,43,0,15,6,3,0,6,45,25,9,26,29,0,34,0,28,9,0,16,0,0,19,0,16,26,0,7,27,7,66,41,1,0,24,16,0,37,3,0,3,18,53,5,25,26,0,6,29,20,58,0,0,0,28,55,44,0,33,0,21,64,35,26,0,58,34,19,0,2,0,22,19,53,4,28,32,14,34,10,56,1,55,0,26,60,0,0,8,17,35,2,0,18,
14,0,20,0,14,30,0,43,0,16,6,3,0,6,49,24,9,29,29,0,34,0,27,9,0,17,0,0,20,0,15,27,0,7,27,8,66,42,1,0,23,16,0,37,3,0,3,20,53,5,25,27,0,6,28,20,60,0,0,0,27,56,42,0,32,0,23,65,36,26,0,57,35,19,0,2,0,23,20,56,4,28,32,15,36,10,55,1,56,0,29,61,0,0,8,18,36,2,0,20,
14,0,21,0,14,29,0,43,0,17,7,3,0,7,49,25,9,27,30,0,35,0,28,9,0,17,0,0,21,0,15,27,0,7,26,8,66,41,2,0,23,17,0,37,4,0,3,21,52,5,26,26,0,6,29,20,60,0,0,0,27,58,43,0,32,0,23,66,36,28,0,57,34,17,0,2,0,24,21,59,4,29,33,15,39,9,56,1,58,0,30,59,0,0,8,17,36,4,0,22,
14,0,21,0,14,30,0,43,0,17,7,3,0,7,50,25,9,28,32,0,37,0,28,11,0,18,0,0,21,0,14,26,0,8,30,8,65,44,4,0,24,18,0,36,3,0,3,22,53,5,26,26,0,6,30,20,58,0,0,0,30,62,43,0,32,0,23,67,39,28,0,58,35,18,0,2,0,26,21,61,4,29,32,15,40,10,58,1,59,0,32,61,0,0,10,17,37,4,0,22,
14,0,22,0,14,32,0,41,0,17,7,3,0,7,50,26,8,28,32,0,37,0,29,11,0,17,0,0,24,0,14,26,0,8,30,8,66,44,4,0,23,18,0,33,3,0,3,22,51,5,28,28,0,6,30,21,57,0,0,0,32,63,43,0,33,0,25,65,40,29,0,59,35,19,0,2,0,25,22,61,4,29,33,17,39,9,57,1,61,0,34,60,0,0,9,17,37,4,0,24,
14,0,22,0,14,33,0,43,0,17,7,3,0,7,49,26,9,29,35,0,37,0,27,11,0,17,0,0,25,0,15,27,0,7,32,8,68,44,4,0,24,20,0,36,3,0,2,22,51,5,28,28,0,6,29,21,58,0,0,0,31,63,46,0,34,0,27,65,41,31,0,59,36,20,0,2,0,26,22,63,4,31,34,17,40,10,54,1,60,0,35,61,0,0,9,20,38,4,0,26,
13,0,23,0,14,32,0,45,0,17,7,4,0,7,52,27,9,32,36,0,37,0,27,11,0,16,0,0,26,0,14,31,0,7,32,8,70,45,4,0,26,23,0,36,3,0,2,25,52,6,28,28,0,6,30,22,62,0,0,0,32,64,47,0,36,0,27,66,43,30,0,60,40,20,0,2,0,27,23,65,4,31,35,18,41,10,55,1,59,0,37,61,0,0,10,19,39,4,0,26,
13,0,24,0,15,33,0,46,0,17,8,4,0,7,52,28,10,32,37,0,39,0,28,11,0,16,0,0,25,0,15,32,0,7,35,8,70,46,4,0,26,23,0,36,3,0,2,26,51,6,29,28,0,6,30,23,62,0,0,0,32,63,48,0,38,0,28,66,43,34,0,63,39,21,0,3,0,27,23,64,4,31,36,20,42,10,54,1,60,0,38,64,0,0,9,20,38,4,0,26,
13,0,27,0,15,33,0,48,0,17,8,4,0,7,51,29,10,32,37,0,41,0,29,14,0,18,0,0,27,0,16,31,0,8,35,7,69,47,4,0,28,24,0,34,3,0,3,26,54,6,29,28,0,6,30,25,61,0,0,0,33,62,52,0,39,0,28,71,43,35,0,63,40,21,0,2,0,28,23,64,5,32,35,18,45,10,56,1,62,0,41,68,0,0,10,22,37,4,0,27,
13,0,27,0,17,34,0,48,0,17,8,5,0,7,51,30,12,33,39,0,43,0,29,13,0,18,0,0,28,0,16,34,0,8,36,7,70,46,3,0,29,22,0,33,3,0,3,28,54,7,30,28,0,6,30,25,60,0,0,0,33,62,52,0,39,0,30,70,45,34,0,62,44,22,0,2,0,27,23,64,5,34,36,18,46,10,54,2,63,0,40,66,0,0,10,22,37,4,0,27,
13,0,29,0,17,34,0,48,0,18,8,5,0,8,51,30,13,33,40,0,44,0,29,14,0,19,0,0,28,0,17,34,0,8,37,7,75,46,3,0,29,24,0,35,3,0,3,29,56,7,31,27,0,6,29,27,60,0,0,0,33,62,52,0,38,0,30,68,44,34,0,62,46,22,0,2,0,27,23,64,4,34,37,18,46,10,58,1,63,0,40,68,0,0,11,23,37,4,0,28,
14,0,29,0,17,35,0,49,0,18,8,5,0,8,50,31,13,33,42,0,44,0,30,13,0,21,0,0,30,0,19,36,0,9,37,7,73,48,4,0,27,25,0,35,3,0,3,32,56,7,32,27,0,6,30,28,60,0,0,0,34,65,53,0,39,0,31,70,44,35,0,62,47,22,0,2,0,27,26,64,4,32,38,19,46,10,60,1,62,0,39,69,0,0,11,23,40,4,0,29,
18,0,30,0,18,37,0,50,0,19,9,6,0,8,53,32,13,34,44,0,45,0,31,13,0,22,0,0,31,0,20,37,0,9,38,7,71,49,4,0,27,25,0,35,3,0,3,32,55,7,33,28,0,7,31,29,60,0,0,0,34,63,52,0,39,0,31,71,46,35,0,62,46,21,0,2,0,29,28,65,4,33,40,18,49,10,58,1,61,0,40,69,0,0,11,24,40,4,0,29,
18,0,29,0,19,38,0,51,0,20,7,6,0,8,54,33,13,35,44,0,49,0,31,15,0,23,0,0,32,0,20,36,0,9,39,7,71,50,5,0,28,27,0,36,3,0,3,32,54,7,33,29,0,7,31,31,59,0,0,0,34,65,52,0,39,0,32,71,48,35,0,62,48,21,0,2,0,28,27,67,4,34,40,18,54,10,60,1,60,0,42,69,0,0,10,24,41,4,0,29,
18,0,29,0,20,38,0,54,0,21,7,6,0,8,54,34,13,37,43,0,50,0,33,16,0,23,0,0,36,0,21,37,0,9,40,7,72,49,5,0,28,28,0,36,3,0,3,33,56,7,32,29,0,7,32,32,62,0,0,0,36,67,51,0,39,0,33,70,47,35,0,61,49,21,0,3,0,29,27,67,4,35,39,17,54,10,59,1,60,0,42,69,0,0,10,24,43,4,0,28,
17,0,30,0,20,41,0,54,0,20,7,6,0,8,53,33,14,37,43,0,50,0,33,17,0,22,0,0,37,0,22,38,0,9,40,7,72,49,5,0,28,29,0,36,3,0,3,33,54,7,33,29,0,7,33,32,63,0,0,0,37,68,51,0,40,0,33,72,47,35,0,63,49,20,0,3,0,30,28,68,4,36,39,18,54,9,63,1,61,0,41,71,0,0,10,24,42,4,0,28,
19,0,31,0,20,42,0,54,0,19,7,6,0,8,55,34,13,38,45,0,50,0,32,17,0,24,0,0,38,0,24,39,0,10,39,7,72,49,6,0,30,29,0,37,3,0,3,33,55,7,32,33,0,7,36,35,64,0,0,0,37,72,50,0,42,0,33,74,49,35,0,65,49,21,0,3,0,32,31,68,4,41,39,20,54,9,62,1,63,0,43,73,0,0,10,24,42,4,0,26,
20,0,31,0,18,40,0,57,0,19,8,7,0,7,54,35,13,38,46,0,50,0,37,18,0,25,0,0,40,0,23,41,0,9,40,7,72,50,7,0,32,32,0,39,3,0,3,33,54,9,32,34,0,7,37,33,62,0,0,0,38,73,49,0,42,0,37,73,47,35,0,64,49,22,0,3,0,31,29,69,4,43,40,20,56,12,63,1,64,0,43,72,0,0,10,25,43,3,0,26,
21,0,32,0,18,43,0,59,0,21,8,8,0,8,54,35,13,38,46,0,50,0,39,18,0,28,0,0,40,0,25,42,0,9,41,7,70,49,8,0,33,32,0,38,3,0,3,35,52,8,33,32,0,7,39,33,61,0,0,0,38,75,49,0,41,0,35,73,47,38,0,64,49,23,0,3,0,31,32,69,4,42,40,20,56,10,61,1,66,0,44,71,0,0,10,26,45,3,0,26,
21,0,32,0,18,43,0,59,0,20,8,8,0,8,55,36,13,39,46,0,50,0,39,18,0,33,0,0,41,0,25,43,0,9,42,7,72,49,8,0,33,33,0,42,3,0,3,36,52,8,32,32,0,7,39,34,62,0,0,0,38,74,53,0,43,0,36,74,49,40,0,63,52,22,0,3,0,30,35,72,4,42,41,20,57,10,64,1,66,0,44,69,0,0,11,27,44,3,0,27,
22,0,33,0,19,45,0,59,0,20,10,8,0,8,56,36,13,40,48,0,53,0,39,18,0,34,0,0,40,0,29,43,0,9,41,7,71,48,9,0,33,35,0,41,3,0,3,35,53,8,31,33,0,7,40,36,60,0,0,0,39,74,53,0,46,0,37,74,49,40,0,62,52,23,0,3,0,31,36,73,5,43,39,20,56,10,65,1,68,0,45,70,0,0,11,27,45,3,0,27,
23,0,35,0,19,43,0,59,0,20,11,8,0,8,57,38,13,41,50,0,54,0,37,18,0,37,0,0,41,0,28,45,0,9,43,8,72,50,9,0,33,34,0,42,4,0,3,35,52,8,30,35,0,7,41,36,59,0,0,0,39,74,53,0,46,0,38,74,47,40,0,62,52,24,0,3,0,30,36,75,5,43,39,20,57,9,65,1,68,0,44,69,0,0,11,30,46,3,0,29,
25,0,33,0,20,42,0,58,0,20,12,8,0,7,57,39,12,42,54,0,58,0,38,19,0,38,0,0,43,0,28,40,0,9,45,8,74,51,9,0,35,34,0,43,5,0,3,35,52,9,33,34,0,7,42,35,61,0,0,0,39,73,53,0,49,0,39,74,51,41,0,60,52,24,0,3,0,31,36,73,4,44,39,22,57,10,67,1,66,0,45,70,0,0,11,31,46,4,0,29,
26,0,33,0,21,43,0,60,0,20,11,7,0,7,58,40,13,42,53,0,56,0,38,19,0,39,0,0,42,0,28,42,0,9,46,8,76,53,11,0,34,34,0,42,5,0,3,35,52,9,34,34,0,7,41,36,62,0,0,0,40,74,55,0,48,0,40,72,51,42,0,60,55,25,0,3,0,30,39,73,4,46,40,23,59,10,67,1,67,0,46,72,0,0,13,30,48,4,0,29,
26,0,33,0,22,42,0,61,0,20,11,8,0,7,59,43,14,44,53,0,55,0,37,20,0,37,0,0,43,0,31,45,0,10,44,9,73,53,11,0,35,37,0,42,5,0,3,35,54,9,34,35,0,8,41,38,62,0,0,0,39,73,55,0,51,0,41,73,50,44,0,60,55,26,0,4,0,30,40,72,5,46,39,24,60,10,68,0,64,0,46,72,0,0,13,31,53,4,0,29,
27,0,35,0,22,41,0,61,0,19,11,8,0,7,60,43,14,47,53,0,57,0,36,21,0,37,0,0,43,0,32,46,0,9,44,10,72,53,12,0,36,36,0,43,5,0,3,35,54,9,34,36,0,9,42,37,63,0,0,0,41,73,55,0,52,0,41,74,50,46,0,60,54,27,0,4,0,31,42,70,6,45,40,23,62,10,70,0,63,0,45,72,0,0,13,31,51,4,0,29,
28,0,36,0,24,42,0,63,0,19,11,8,0,9,59,42,14,48,54,0,56,0,40,22,0,37,0,0,42,0,32,44,0,9,46,10,71,55,14,0,39,36,0,42,5,0,3,36,53,9,33,37,0,8,44,39,64,0,0,0,39,73,55,0,52,0,39,74,51,47,0,61,52,26,0,4,0,31,40,69,6,45,42,23,65,10,70,0,61,0,47,73,0,0,13,32,53,5,0,29,
28,0,37,0,23,43,0,63,0,20,11,8,0,10,59,42,12,48,55,0,58,0,41,24,0,37,0,0,42,0,33,47,0,9,46,11,72,56,16,0,40,36,0,43,5,0,3,36,55,10,31,37,0,7,44,38,64,0,0,0,39,74,56,0,53,0,39,74,52,49,0,61,52,28,0,4,0,31,41,69,7,43,46,23,65,10,70,0,60,0,48,73,0,0,13,32,53,5,0,30,
27,0,38,0,24,42,0,64,0,22,11,7,0,13,59,45,12,50,54,0,58,0,41,24,0,37,0,0,42,0,33,45,0,8,47,11,72,57,19,0,41,37,0,43,5,0,3,37,53,10,29,38,0,7,43,38,62,0,0,0,40,73,60,0,53,0,39,75,51,50,0,61,52,29,0,4,0,33,41,69,7,43,47,24,65,11,71,0,61,0,50,71,0,0,13,32,54,5,0,31,
26,0,43,0,24,40,0,61,0,24,11,7,0,12,59,43,12,48,57,0,59,0,39,24,0,37,0,0,41,0,34,45,0,8,48,11,72,60,19,0,42,39,0,42,5,0,3,37,53,11,29,38,0,7,45,39,62,0,0,0,41,75,58,0,52,0,40,76,52,49,0,62,53,30,0,5,0,33,43,71,8,43,51,25,68,11,70,0,60,0,50,70,0,0,12,32,54,5,0,34,
26,0,41,0,25,42,0,61,0,25,11,7,0,13,61,43,12,47,58,0,63,0,40,26,0,36,0,0,42,0,33,45,0,11,49,12,75,60,20,0,43,42,0,43,5,0,3,37,54,10,32,38,0,8,46,40,66,0,0,0,42,74,59,0,53,0,41,77,52,52,0,62,51,30,0,4,0,34,43,70,7,44,53,26,70,11,71,0,60,0,51,70,0,0,12,31,54,5,0,36,
27,0,42,0,26,43,0,62,0,26,13,8,0,12,62,44,12,49,59,0,66,0,41,27,0,37,0,0,42,0,32,43,0,10,50,12,73,60,20,0,41,43,0,45,5,0,4,37,52,10,30,39,0,10,48,40,66,0,0,0,44,75,57,0,52,0,44,76,50,55,0,62,55,30,0,5,0,33,43,71,7,44,54,27,72,13,71,0,61,0,51,68,0,0,12,32,55,5,0,35,
27,0,43,0,28,45,0,63,0,27,12,8,0,14,63,46,12,49,60,0,64,0,40,28,0,37,0,0,41,0,34,43,0,10,49,12,72,59,23,0,42,43,0,49,5,0,3,39,53,10,30,43,0,10,48,40,68,0,0,0,44,76,57,0,51,0,47,77,51,54,0,62,56,30,0,5,0,33,44,69,7,43,56,27,74,14,71,0,63,0,53,70,0,0,12,33,54,5,0,34,
27,0,43,0,28,44,0,68,0,29,13,9,0,17,61,46,12,50,63,0,63,0,39,30,0,37,0,0,43,0,36,44,0,10,49,12,72,61,24,0,44,44,0,49,5,0,3,40,55,11,31,43,0,9,47,42,68,0,0,0,45,77,56,0,50,0,48,77,51,54,0,64,55,31,0,7,0,34,45,71,7,43,57,27,75,14,70,0,62,0,54,71,0,0,12,33,55,6,0,34,
27,0,45,0,28,46,0,68,0,30,14,9,0,17,64,47,13,52,62,0,63,0,41,31,0,38,0,0,43,0,36,49,0,11,50,12,72,63,26,0,45,45,0,50,5,0,4,38,56,14,32,43,0,9,48,42,67,0,0,0,46,77,58,0,51,0,52,76,50,57,0,66,55,31,0,7,0,36,46,71,7,42,56,27,76,14,69,0,63,0,58,70,0,0,12,33,56,6,0,34,
29,0,45,0,29,51,0,69,0,32,15,9,0,17,66,47,13,54,65,0,61,0,42,32,0,38,0,0,46,0,37,49,0,11,49,11,71,64,27,0,45,44,0,51,6,0,3,38,54,13,33,43,0,9,51,41,69,0,0,0,47,77,60,0,53,0,57,74,51,59,0,66,54,31,0,6,0,37,46,72,8,44,58,27,75,13,68,0,62,0,61,70,0,0,13,33,56,6,0,33,
28,0,47,0,29,50,0,69,0,30,16,9,0,18,65,47,12,54,66,0,61,0,43,34,0,38,0,0,50,0,40,48,0,12,49,12,71,63,28,0,45,45,0,52,6,0,3,40,56,13,34,43,0,9,53,43,70,0,0,0,47,76,60,0,55,0,57,73,52,63,0,65,52,32,0,6,0,39,45,72,9,45,58,27,76,13,69,0,64,0,64,71,0,0,15,33,57,6,0,33,
28,0,51,0,29,50,0,69,0,31,16,10,0,18,62,47,12,54,65,0,61,0,44,36,0,39,0,0,50,0,41,48,0,11,49,13,72,63,30,0,46,42,0,52,6,0,3,41,56,14,36,43,0,9,53,44,68,0,0,0,48,75,61,0,58,0,57,72,51,64,0,64,53,32,0,6,0,39,45,74,10,49,58,28,78,14,71,0,63,0,64,71,0,0,17,35,57,6,0,35,
28,0,49,0,29,51,0,68,0,32,17,11,0,20,62,46,12,55,64,0,61,0,45,36,0,39,0,0,52,0,44,50,0,14,53,13,70,66,31,0,47,42,0,50,6,0,3,42,55,15,37,42,0,10,51,44,69,0,0,0,47,74,62,0,58,0,57,72,50,66,0,65,54,32,0,7,0,40,44,75,10,51,59,28,80,13,72,0,66,0,64,70,0,0,18,36,58,7,0,37,
29,0,51,0,30,52,0,69,0,34,18,11,0,20,63,46,12,56,63,0,61,0,45,40,0,39,0,0,53,0,47,53,0,15,51,13,69,65,31,0,47,42,0,50,7,0,3,44,56,16,39,42,0,9,51,45,72,0,0,0,45,75,63,0,61,0,59,70,50,67,0,70,56,31,0,7,0,41,45,74,11,50,59,30,80,14,69,0,65,0,65,70,0,0,19,38,58,7,0,39,
34,0,51,0,30,51,0,65,0,36,18,11,0,19,62,46,12,57,60,0,64,0,48,42,0,41,0,0,53,0,48,55,0,15,54,13,72,65,31,0,50,42,0,52,7,0,4,44,58,16,39,44,0,10,51,44,72,0,0,0,47,75,64,0,60,0,60,74,52,68,0,67,57,32,0,8,0,41,46,73,12,49,57,29,80,14,69,0,63,0,65,73,0,0,19,39,57,7,0,39,
33,0,53,0,31,52,0,66,0,37,20,11,0,19,63,46,13,58,62,0,64,0,50,43,0,43,0,0,53,0,50,54,0,15,55,13,73,66,32,0,50,40,0,52,7,0,4,43,58,17,39,44,0,10,52,43,72,0,0,0,47,77,62,0,61,0,60,78,53,67,0,67,58,33,0,9,0,41,45,72,12,51,56,32,80,15,70,0,63,0,65,73,0,0,20,39,58,7,0,40,
32,0,54,0,32,53,0,70,0,37,20,11,0,20,62,47,12,58,65,0,66,0,51,42,0,47,0,0,54,0,51,54,0,15,54,13,73,67,32,0,50,43,0,52,7,0,4,44,60,17,42,46,0,10,53,42,72,0,0,0,50,75,63,0,61,0,61,77,55,68,0,67,59,34,0,10,0,41,45,72,14,50,57,34,80,15,71,0,63,0,65,75,0,0,19,38,59,9,0,40,
32,0,54,0,32,53,0,71,0,38,20,12,0,21,62,46,13,58,65,0,67,0,51,40,0,48,0,0,54,0,53,54,0,15,57,13,73,67,35,0,51,44,0,51,7,0,4,43,60,18,43,47,0,11,52,44,74,0,0,0,50,75,64,0,60,0,62,79,54,67,0,70,60,35,0,10,0,44,45,72,16,50,57,34,80,15,70,0,66,0,67,75,0,0,18,41,59,8,0,39,
31,0,53,0,32,52,0,70,0,38,19,12,0,24,61,46,13,58,67,0,68,0,50,40,0,49,0,0,53,0,57,56,0,16,57,13,74,68,35,0,50,45,0,52,9,0,4,44,58,20,45,50,0,13,53,45,73,0,0,0,50,75,65,0,61,0,63,79,58,68,0,69,60,37,0,11,0,41,46,73,16,47,58,35,81,17,70,0,65,0,67,76,0,0,18,41,59,8,0,42,
31,0,56,0,34,53,0,72,0,39,19,12,0,22,63,49,13,59,71,0,69,0,50,41,0,50,0,0,53,0,55,58,0,16,60,13,74,66,35,0,51,45,0,53,9,0,4,44,58,21,48,50,0,13,53,42,74,0,0,0,50,75,68,0,61,0,63,77,59,68,0,70,60,39,0,12,0,42,49,74,16,50,59,37,78,17,70,0,66,0,67,76,0,0,19,41,60,8,0,44,
31,0,58,0,34,57,0,72,0,40,20,12,0,23,64,50,14,62,70,0,70,0,51,43,0,52,0,0,52,0,56,60,0,18,61,15,76,69,36,0,54,45,0,57,10,0,5,46,57,21,48,49,0,13,54,41,74,0,0,0,52,73,69,0,61,0,62,76,62,72,0,74,60,40,0,13,0,45,48,72,17,53,58,37,80,17,70,0,67,0,70,76,0,0,19,41,62,8,0,44,
30,0,62,0,35,58,0,70,0,40,18,12,0,23,64,54,14,63,69,0,70,0,51,46,0,54,0,0,51,0,57,61,0,20,60,15,76,71,39,0,53,45,0,58,11,0,5,48,58,22,50,52,0,14,55,41,71,0,0,0,52,73,70,0,62,0,61,78,62,74,0,74,59,41,0,14,0,47,48,73,17,53,59,39,79,17,69,0,68,0,70,76,0,0,19,43,61,8,0,43,
33,0,64,0,36,59,0,70,0,39,20,13,0,23,64,54,14,65,71,0,70,0,50,49,0,55,0,0,51,0,57,61,0,20,61,17,74,71,39,0,54,46,0,59,11,0,5,49,57,23,50,51,0,16,55,40,73,0,0,0,53,76,72,0,62,0,59,76,62,73,0,75,57,42,0,13,0,49,47,73,17,54,59,39,80,18,68,0,67,0,70,77,0,0,20,43,60,8,0,42,
35,0,65,0,37,62,0,70,0,41,20,13,0,24,64,54,15,63,69,0,70,0,51,49,0,56,0,0,52,0,60,62,0,22,62,16,73,70,41,0,55,45,0,59,11,0,5,51,57,24,51,51,0,16,56,40,75,0,0,0,54,76,72,0,64,0,59,78,62,74,0,78,59,43,0,13,0,49,44,73,17,59,59,39,81,19,68,0,67,0,71,77,0,0,20,43,60,9,0,44,
37,0,65,0,36,63,0,72,0,41,20,13,0,24,64,56,16,63,71,0,71,0,52,48,0,55,0,0,50,0,61,61,0,22,61,16,75,73,41,0,56,43,0,58,10,0,5,50,54,24,51,52,0,18,59,40,76,0,0,0,53,78,74,0,64,0,60,78,62,75,0,79,59,42,0,13,0,50,45,73,17,58,61,39,79,21,66,0,66,0,70,75,0,0,20,41,60,9,0,44,
40,0,67,0,38,64,0,70,0,40,21,13,0,25,64,57,16,63,70,0,72,0,53,50,0,57,0,0,47,0,60,63,0,22,60,15,74,74,42,0,53,44,0,60,10,0,5,50,53,25,51,52,0,19,62,40,77,0,0,0,55,78,73,0,64,0,60,76,63,74,0,81,61,43,0,13,0,51,45,75,19,63,61,39,78,22,67,0,67,0,70,75,0,0,20,41,61,9,0,45,
42,0,67,0,38,67,0,71,0,43,22,14,0,26,63,58,17,66,70,0,73,0,54,51,0,56,0,0,47,0,60,63,0,21,61,15,74,72,42,0,54,43,0,60,12,0,7,50,53,26,50,52,0,22,62,42,78,0,0,0,54,78,75,0,64,0,61,75,60,74,0,81,62,39,0,13,0,51,45,74,18,63,62,39,77,22,66,0,65,0,71,75,0,0,21,39,61,9,0,50,
42,0,67,0,39,65,0,66,0,44,21,13,0,28,64,60,16,67,70,0,74,0,54,52,0,58,0,0,48,0,59,65,0,22,61,17,73,71,42,0,55,43,0,60,13,0,7,51,53,27,51,52,0,21,65,41,77,0,0,0,54,77,76,0,65,0,62,78,62,74,0,81,62,41,0,15,0,51,43,75,19,61,62,40,77,21,66,0,66,0,71,75,0,0,21,39,64,9,0,54,
41,0,67,0,40,64,0,67,0,44,23,13,0,29,68,61,16,69,68,0,73,0,55,51,0,57,0,0,47,0,58,65,0,23,62,18,74,72,42,0,58,44,0,61,14,0,8,53,53,28,53,54,0,23,65,42,75,0,0,0,55,76,76,0,64,0,66,78,62,73,0,81,64,41,0,15,0,50,46,73,21,62,61,41,75,22,70,0,67,0,75,77,0,0,22,41,65,9,0,53,
41,0,66,0,42,62,0,65,0,44,23,15,0,30,68,61,17,68,69,0,73,0,54,54,0,55,0,0,51,0,59,68,0,22,62,19,74,71,44,0,61,46,0,63,15,0,10,54,54,28,56,53,0,23,66,42,76,0,0,0,55,77,77,0,66,0,66,78,62,74,0,81,63,40,0,16,0,50,46,75,21,61,67,41,74,22,69,0,65,0,77,78,0,0,24,42,65,10,0,52,
41,0,66,0,42,62,0,66,0,46,24,15,0,30,70,62,17,67,71,0,72,0,55,53,0,53,0,0,51,0,56,69,0,23,63,20,75,69,44,0,63,46,0,63,15,0,12,56,54,28,56,54,0,23,67,44,75,0,0,0,56,77,78,0,67,0,65,78,61,74,0,82,61,41,0,17,0,51,46,73,22,61,67,41,74,21,67,0,65,0,77,78,0,0,24,44,65,10,0,52,
41,0,67,0,44,63,0,66,0,48,26,16,0,30,71,62,17,67,71,0,72,0,56,54,0,54,0,0,51,0,58,69,0,23,63,20,75,69,44,0,63,47,0,65,15,0,12,57,54,28,56,55,0,22,67,45,75,0,0,0,56,78,78,0,70,0,64,79,61,74,0,80,61,41,0,17,0,53,48,72,23,61,68,44,73,21,68,0,64,0,76,78,0,0,27,43,64,10,0,56,
43,0,69,0,44,65,0,66,0,48,29,16,0,30,69,63,18,68,71,0,75,0,55,54,0,57,0,0,52,0,58,72,0,22,65,20,73,71,49,0,65,48,0,65,15,0,13,58,56,28,56,56,0,24,67,45,73,0,0,0,58,79,78,0,71,0,64,79,62,73,0,78,62,41,0,17,0,56,48,73,24,64,68,45,73,22,68,0,62,0,76,77,0,0,27,43,64,10,0,58,
44,0,69,0,44,66,0,66,0,49,30,16,0,29,70,62,21,69,72,0,74,0,55,53,0,58,0,0,53,0,60,71,0,23,65,21,75,72,49,0,65,51,0,67,16,0,13,57,56,30,59,58,0,26,68,47,72,0,0,0,59,77,77,0,71,0,63,81,65,75,0,78,61,41,0,17,0,54,49,73,25,64,70,46,72,25,70,0,64,0,77,77,0,0,28,47,65,10,0,59,
46,0,68,0,43,68,0,69,0,51,32,17,0,28,71,64,20,67,72,0,75,0,55,54,0,60,0,0,54,0,61,71,0,26,68,23,76,71,50,0,67,53,0,68,17,0,14,56,56,32,58,60,0,27,69,49,74,0,0,0,61,76,78,0,73,0,61,79,65,76,0,76,61,43,0,17,0,56,48,74,26,64,69,46,71,25,71,0,64,0,76,77,0,0,28,47,67,10,0,59,
47,0,68,0,45,66,0,73,0,50,33,18,0,29,71,61,19,69,73,0,74,0,54,53,0,59,0,0,55,0,59,71,0,26,65,23,77,72,49,0,67,50,0,69,17,0,16,57,54,30,57,59,0,29,71,50,74,0,0,0,62,76,78,0,73,0,60,78,65,78,0,73,59,43,0,17,0,57,49,73,26,65,69,45,72,24,71,0,66,0,75,76,0,0,29,48,67,11,0,61,
46,0,68,0,46,66,0,77,0,48,34,18,0,28,72,63,20,68,75,0,74,0,54,54,0,58,0,0,56,0,63,71,0,26,64,23,77,73,49,0,67,51,0,72,16,0,16,57,57,31,61,58,0,32,72,50,76,0,0,0,62,77,78,0,73,0,60,78,66,78,0,73,61,43,0,17,0,58,52,74,26,67,69,44,69,25,71,0,66,0,77,76,0,0,32,47,69,11,0,64,
45,0,70,0,47,66,0,78,0,49,33,18,0,32,71,65,23,70,75,0,76,0,55,53,0,58,0,0,56,0,62,70,0,26,66,23,77,74,50,0,64,54,0,71,16,0,15,57,58,35,62,59,0,31,71,51,76,0,0,0,61,75,79,0,73,0,59,78,68,76,0,76,59,44,0,18,0,59,54,75,26,68,68,47,67,25,71,0,65,0,75,75,0,0,33,48,68,11,0,64,
47,0,72,0,47,66,0,78,0,51,35,18,0,32,71,66,24,68,73,0,76,0,56,53,0,56,0,0,56,0,64,70,0,27,67,23,77,75,52,0,67,55,0,74,16,0,15,58,59,35,62,61,0,32,73,49,77,0,0,0,62,76,78,0,73,0,58,76,67,76,0,79,60,45,0,19,0,61,55,77,29,68,69,49,67,25,71,0,65,0,75,76,0,0,34,50,67,12,0,66,
48,0,72,0,48,67,0,79,0,50,36,18,0,36,71,66,27,68,73,0,76,0,57,54,0,58,0,0,56,0,64,71,0,26,66,24,76,77,53,0,69,58,0,75,16,0,14,57,63,37,63,64,0,33,74,50,81,0,0,0,63,74,80,0,72,0,59,75,69,76,0,78,59,47,0,19,0,62,55,75,29,68,67,49,68,24,69,0,64,0,75,77,0,0,34,53,67,12,0,68,
48,0,71,0,48,67,0,79,0,51,37,20,0,35,71,69,30,69,74,0,76,0,58,55,0,57,0,0,58,0,65,70,0,26,70,24,76,75,55,0,68,60,0,74,16,0,15,57,66,37,64,64,0,33,76,51,83,0,0,0,62,73,80,0,71,0,60,75,69,75,0,79,59,47,0,20,0,61,55,73,29,67,66,50,70,27,69,0,64,0,78,75,0,0,35,56,70,12,0,67,
49,0,73,0,47,68,0,78,0,51,37,22,0,35,70,71,30,69,74,0,80,0,59,55,0,58,0,0,57,0,65,69,0,27,71,24,74,76,54,0,69,60,0,74,17,0,15,57,65,38,64,65,0,34,77,51,83,0,0,0,61,72,82,0,71,0,62,75,72,75,0,79,60,49,0,21,0,61,56,72,29,68,66,51,70,26,70,0,65,0,79,75,0,0,34,57,70,14,0,69,
53,0,75,0,50,72,0,78,0,53,37,22,0,35,70,73,30,68,74,0,77,0,60,56,0,60,0,0,58,0,66,69,0,29,70,25,75,77,55,0,68,57,0,75,18,0,16,57,64,40,65,65,0,35,77,52,84,0,0,0,63,71,83,0,71,0,62,75,72,74,0,79,59,51,0,24,0,60,60,74,29,68,66,52,72,27,72,0,62,0,79,77,0,0,34,58,71,15,0,70,
54,0,75,0,52,70,0,76,0,52,37,23,0,36,70,71,29,69,74,0,76,0,60,58,0,60,0,0,58,0,66,69,0,30,72,25,75,79,56,0,72,57,0,76,19,0,15,56,66,38,66,69,0,35,76,54,84,0,0,0,64,71,84,0,73,0,64,77,74,74,0,80,60,51,0,24,0,61,63,76,30,69,66,52,72,28,72,0,61,0,79,77,0,0,34,56,71,15,0,74,
52,0,76,0,52,70,0,76,0,54,38,23,0,35,73,70,29,70,74,0,76,0,62,60,0,62,0,0,58,0,67,69,0,31,71,25,77,80,56,0,73,57,0,76,19,0,15,56,67,39,66,70,0,33,75,54,83,0,0,0,65,70,81,0,75,0,63,77,74,74,0,78,60,52,0,24,0,61,63,74,31,70,65,50,72,27,72,0,62,0,79,77,0,0,33,54,72,16,0,75,
53,0,79,0,52,69,0,76,0,56,38,22,0,35,71,71,29,71,74,0,74,0,62,63,0,61,0,0,58,0,66,69,0,31,72,25,77,82,54,0,74,57,0,78,20,0,16,56,69,39,69,70,0,33,72,53,84,0,0,0,66,70,82,0,74,0,64,77,74,75,0,81,60,51,0,23,0,64,64,75,32,69,65,53,70,27,72,0,62,0,81,76,0,0,35,57,72,16,0,72,
54,0,79,0,54,67,0,74,0,55,38,22,0,36,73,71,29,71,73,0,76,0,65,64,0,62,0,0,58,0,67,68,0,32,71,24,77,82,54,0,75,58,0,77,20,0,16,58,69,41,69,69,0,32,70,54,82,0,0,0,65,73,82,0,73,0,63,78,74,74,0,80,62,51,0,23,0,61,63,75,34,70,68,52,71,28,74,0,63,0,81,76,0,0,35,57,71,21,0,73,
54,0,80,0,54,68,0,75,0,55,38,22,0,35,74,72,28,71,74,0,74,0,66,63,0,59,0,0,60,0,66,69,0,34,71,26,79,82,57,0,75,59,0,75,21,0,15,58,68,39,68,71,0,33,75,54,81,0,0,0,64,71,82,0,74,0,62,78,77,74,0,79,66,52,0,23,0,62,63,70,36,70,70,54,72,28,74,0,63,0,82,77,0,0,34,58,73,22,0,74,
54,0,79,0,55,67,0,75,0,58,39,21,0,34,76,72,29,72,74,0,75,0,66,64,0,61,0,0,58,0,67,69,0,35,70,26,78,83,61,0,78,61,0,74,21,0,16,58,69,39,70,72,0,33,75,55,81,0,0,0,64,69,82,0,74,0,62,78,78,74,0,76,64,54,0,23,0,61,62,72,36,70,68,55,74,29,73,0,64,0,81,78,0,0,34,58,74,22,0,75,
55,0,79,0,56,68,0,74,0,59,41,24,0,34,76,76,29,72,73,0,73,0,66,62,0,61,0,0,62,0,68,69,0,37,70,25,76,83,62,0,79,61,0,76,21,0,16,60,70,40,71,71,0,33,74,55,81,0,0,0,65,71,82,0,75,0,62,77,79,75,0,76,64,55,0,23,0,63,64,73,35,70,69,54,75,30,73,0,64,0,79,81,0,0,33,58,72,23,0,75,
55,0,80,0,56,68,0,75,0,58,40,23,0,35,76,74,29,70,73,0,75,0,67,61,0,61,0,0,65,0,67,69,0,37,71,25,75,80,65,0,78,64,0,75,22,0,16,58,68,42,69,72,0,33,75,57,83,0,0,0,65,70,82,0,74,0,62,77,80,75,0,74,64,56,0,24,0,64,64,72,38,68,68,54,75,29,70,0,64,0,78,80,0,0,33,59,74,24,0,77,
55,0,81,0,56,67,0,74,0,57,42,25,0,37,76,74,28,73,72,0,76,0,65,62,0,62,0,0,67,0,64,69,0,35,72,26,74,80,65,0,79,64,0,74,23,0,16,59,67,44,69,73,0,33,74,59,83,0,0,0,67,70,82,0,73,0,63,78,80,75,0,73,64,55,0,24,0,64,63,73,37,72,69,53,79,30,70,0,66,0,79,80,0,0,34,59,74,27,0,78,
55,0,82,0,57,67,0,75,0,58,42,26,0,37,77,75,31,71,73,0,78,0,66,64,0,62,0,0,67,0,65,68,0,35,73,25,74,80,65,0,79,64,0,73,22,0,17,60,66,43,67,74,0,33,75,61,82,0,0,0,66,73,85,0,72,0,64,80,80,76,0,74,62,56,0,24,0,62,62,73,36,71,68,55,78,30,69,0,66,0,77,78,0,0,36,59,73,26,0,76,
55,0,82,0,57,67,0,74,0,59,42,26,0,41,79,75,31,69,71,0,78,0,67,63,0,62,0,0,66,0,64,67,0,38,72,24,74,81,64,0,79,64,0,71,23,0,19,61,69,43,68,75,0,35,73,62,82,0,0,0,68,72,84,0,72,0,65,79,81,77,0,74,65,62,0,25,0,62,63,73,36,71,69,55,78,30,68,0,68,0,76,82,0,0,40,60,73,26,0,77,
56,0,80,0,57,68,0,74,0,58,44,26,0,41,82,77,33,68,72,0,78,0,67,64,0,62,0,0,67,0,63,66,0,40,73,25,73,82,66,0,80,65,0,70,24,0,18,63,70,43,68,74,0,37,73,64,83,0,0,0,68,74,85,0,71,0,66,79,83,77,0,75,65,62,0,27,0,62,63,73,36,73,71,56,78,29,68,0,66,0,81,80,0,0,42,64,74,27,0,76,
59,0,79,0,58,68,0,74,0,59,47,26,0,41,83,77,33,68,73,0,79,0,68,69,0,64,0,0,67,0,63,69,0,41,73,28,73,83,65,0,81,64,0,69,23,0,18,63,71,42,70,74,0,37,72,63,83,0,0,0,68,73,84,0,73,0,67,81,82,76,0,77,65,61,0,28,0,64,62,74,36,74,70,57,78,30,68,0,65,0,79,80,0,0,43,64,75,25,0,75,
59,0,79,0,58,67,0,75,0,59,47,28,0,42,82,77,34,67,74,0,80,0,67,68,0,63,0,0,66,0,64,68,0,40,72,28,74,82,65,0,81,64,0,67,25,0,18,63,73,42,69,73,0,36,74,65,84,0,0,0,68,74,85,0,72,0,69,78,81,76,0,75,66,63,0,28,0,65,63,76,37,74,71,55,78,31,68,0,61,0,80,80,0,0,44,64,76,26,0,73,
60,0,79,0,59,66,0,75,0,60,49,30,0,46,82,76,35,66,75,0,75,0,69,68,0,64,0,0,68,0,62,69,0,41,73,30,76,81,67,0,82,64,0,68,24,0,18,63,74,44,66,72,0,39,74,64,84,0,0,0,69,73,85,0,72,0,70,79,77,77,0,77,66,65,0,30,0,64,65,76,37,76,74,55,80,30,67,0,62,0,81,81,0,0,43,64,76,28,0,73,
60,0,79,0,59,67,0,76,0,60,51,31,0,45,83,77,36,66,76,0,75,0,72,68,0,61,0,0,68,0,61,70,0,42,74,31,73,81,67,0,84,65,0,68,26,0,17,61,74,44,70,72,0,40,74,65,84,0,0,0,70,74,85,0,72,0,71,79,75,77,0,77,64,66,0,29,0,64,65,75,39,78,73,55,81,30,67,0,63,0,84,81,0,0,44,65,76,28,0,74,
60,0,79,0,58,67,0,77,0,61,51,31,0,48,80,76,34,66,78,0,74,0,70,67,0,63,0,0,70,0,61,70,0,44,76,31,72,84,66,0,84,67,0,68,27,0,17,59,74,45,71,72,0,40,72,65,83,0,0,0,69,74,84,0,73,0,68,79,74,76,0,79,63,65,0,31,0,65,63,74,40,79,72,55,80,31,68,0,63,0,84,81,0,0,44,65,77,28,0,75,
60,0,80,0,60,65,0,78,0,61,52,32,0,49,79,77,35,68,76,0,75,0,70,66,0,64,0,0,73,0,60,71,0,49,77,31,72,85,66,0,84,69,0,71,27,0,20,60,74,48,71,71,0,41,70,65,83,0,0,0,70,76,84,0,73,0,68,79,75,78,0,80,64,65,0,33,0,65,64,73,41,77,73,57,81,31,72,0,62,0,85,82,0,0,45,63,78,28,0,76,
62,0,82,0,62,65,0,78,0,63,52,32,0,51,77,76,34,69,74,0,75,0,72,68,0,64,0,0,72,0,61,74,0,47,76,33,71,87,68,0,87,67,0,70,30,0,20,60,75,49,72,71,0,40,69,64,83,0,0,0,71,77,84,0,75,0,66,79,73,77,0,81,63,65,0,32,0,64,65,73,42,75,73,58,80,32,71,0,59,0,83,81,0,0,45,62,76,28,0,76,
62,0,82,0,65,63,0,79,0,66,52,32,0,50,77,76,35,68,75,0,76,0,71,69,0,64,0,0,73,0,63,76,0,47,76,33,71,86,69,0,87,67,0,71,30,0,21,60,75,49,74,70,0,42,70,64,85,0,0,0,70,81,85,0,74,0,65,81,74,77,0,82,63,65,0,33,0,66,64,73,42,75,73,57,81,34,71,0,60,0,84,81,0,0,49,63,79,30,0,75,
63,0,81,0,66,63,0,78,0,64,53,34,0,50,77,76,37,67,77,0,74,0,71,69,0,63,0,0,74,0,65,76,0,48,75,34,71,84,68,0,88,64,0,71,30,0,21,60,76,49,75,70,0,43,70,64,86,0,0,0,68,80,85,0,73,0,67,81,74,77,0,84,64,64,0,34,0,69,67,72,42,76,74,57,81,35,73,0,60,0,86,78,0,0,52,65,78,32,0,75,
62,0,79,0,70,62,0,80,0,66,55,35,0,50,78,76,37,68,76,0,74,0,72,68,0,62,0,0,76,0,67,76,0,49,76,33,72,84,68,0,89,66,0,73,33,0,23,62,76,49,77,70,0,45,70,65,87,0,0,0,66,78,85,0,73,0,65,81,74,77,0,83,58,65,0,35,0,69,67,74,43,77,71,57,81,37,73,0,60,0,87,79,0,0,51,67,78,36,0,75,
62,0,79,0,71,64,0,79,0,67,58,36,0,50,78,77,36,69,77,0,74,0,73,69,0,62,0,0,73,0,69,76,0,48,77,34,72,81,68,0,91,67,0,71,33,0,24,63,74,49,76,72,0,45,72,67,87,0,0,0,68,78,84,0,72,0,68,82,73,77,0,84,61,65,0,36,0,72,68,74,44,76,71,58,81,37,73,0,62,0,86,78,0,0,52,68,77,36,0,76,
64,0,78,0,72,61,0,79,0,66,57,36,0,53,78,78,37,68,76,0,74,0,72,69,0,63,0,0,72,0,67,75,0,48,79,34,72,81,68,0,91,68,0,72,35,0,24,64,73,52,77,73,0,45,72,68,86,0,0,0,69,77,83,0,74,0,69,82,73,76,0,82,61,66,0,38,0,73,69,74,45,76,70,61,80,38,74,0,63,0,84,79,0,0,51,69,77,37,0,76,
64,0,78,0,70,63,0,79,0,66,57,39,0,54,75,79,37,68,75,0,72,0,72,70,0,63,0,0,72,0,67,77,0,51,78,35,73,81,70,0,89,68,0,74,35,0,24,64,72,54,79,74,0,46,72,72,86,0,0,0,68,77,82,0,74,0,69,83,72,79,0,82,61,67,0,39,0,73,71,75,46,77,71,62,78,37,73,0,64,0,82,77,0,0,51,70,77,36,0,77,
65,0,77,0,71,62,0,80,0,67,56,40,0,56,77,78,36,69,75,0,72,0,74,69,0,64,0,0,72,0,66,77,0,52,78,35,74,81,72,0,88,68,0,74,36,0,24,65,72,54,79,76,0,46,72,72,85,0,0,0,67,75,83,0,74,0,70,82,71,77,0,78,62,66,0,38,0,73,72,74,47,76,71,63,78,39,72,0,62,0,84,76,0,0,50,71,77,36,0,77,
66,0,76,0,72,62,0,80,0,68,56,42,0,53,73,78,37,65,76,0,73,0,75,70,0,63,0,0,73,0,68,78,0,50,79,37,74,79,70,0,88,65,0,76,35,0,25,64,71,53,79,79,0,47,73,74,85,0,0,0,72,78,85,0,76,0,72,81,69,75,0,79,63,67,0,38,0,74,70,73,49,77,73,65,78,40,73,0,62,0,84,77,0,0,52,71,77,36,0,77,
66,0,77,0,71,62,0,80,0,69,57,43,0,54,72,77,37,66,77,0,73,0,74,70,0,62,0,0,73,0,68,78,0,51,79,36,74,79,68,0,86,64,0,76,37,0,27,64,71,54,81,77,0,48,72,73,84,0,0,0,72,80,84,0,73,0,74,83,69,75,0,81,64,69,0,41,0,75,71,73,49,80,75,64,79,41,76,0,62,0,84,77,0,0,53,71,78,36,0,76,
66,0,78,0,72,63,0,81,0,70,60,44,0,54,74,76,41,68,75,0,74,0,75,71,0,64,0,0,74,0,68,75,0,53,80,37,73,77,66,0,83,65,0,77,36,0,26,65,70,54,80,76,0,50,71,74,84,0,0,0,76,79,87,0,73,0,74,85,69,76,0,81,64,69,0,41,0,74,71,74,50,79,73,65,79,41,76,0,64,0,82,77,0,0,53,71,79,35,0,76,
68,0,79,0,72,63,0,82,0,71,60,44,0,53,75,77,41,70,75,0,74,0,75,72,0,63,0,0,75,0,70,77,0,52,80,42,72,77,65,0,84,68,0,80,38,0,27,68,70,57,80,77,0,50,71,74,84,0,0,0,77,78,87,0,75,0,74,85,69,76,0,82,64,70,0,39,0,74,71,72,49,79,72,66,80,43,76,0,64,0,81,78,0,0,55,72,77,34,0,74,
68,0,78,0,75,65,0,80,0,72,61,44,0,55,76,76,41,70,75,0,75,0,77,73,0,65,0,0,75,0,68,75,0,52,79,42,73,78,68,0,84,68,0,81,42,0,29,70,70,56,79,78,0,51,71,75,84,0,0,0,77,78,86,0,73,0,75,88,70,74,0,82,65,73,0,41,0,75,71,74,48,79,68,68,80,44,80,0,65,0,81,78,0,0,58,70,79,34,0,75,
67,0,79,0,78,64,0,77,0,73,62,45,0,57,76,76,41,71,75,0,74,0,76,73,0,66,0,0,72,0,69,75,0,52,76,44,73,77,68,0,84,69,0,82,41,0,30,69,72,56,79,79,0,52,70,74,85,0,0,0,78,79,88,0,73,0,74,85,71,75,0,84,68,74,0,40,0,75,70,73,48,79,68,68,78,44,79,0,66,0,80,77,0,0,62,69,79,35,0,77,
68,0,79,0,79,63,0,78,0,74,62,46,0,58,76,77,42,71,76,0,75,0,76,74,0,64,0,0,72,0,68,74,0,53,76,44,74,79,69,0,81,66,0,82,42,0,30,70,72,56,79,80,0,52,68,72,85,0,0,0,78,78,87,0,72,0,73,85,71,78,0,85,70,74,0,40,0,75,73,73,49,79,69,69,78,43,80,0,65,0,80,79,0,0,61,70,78,36,0,77,
68,0,81,0,80,65,0,79,0,74,60,45,0,57,77,77,43,72,79,0,74,0,76,72,0,67,0,0,74,0,69,73,0,53,76,44,73,80,69,0,80,66,0,82,44,0,33,68,74,57,80,80,0,53,70,72,83,0,0,0,79,77,86,0,72,0,73,83,71,77,0,86,69,75,0,41,0,75,73,75,50,80,70,71,78,44,81,0,65,0,80,78,0,0,61,70,76,38,0,78,
70,0,77,0,81,65,0,79,0,75,62,46,0,57,77,77,44,73,80,0,74,0,75,72,0,66,0,0,73,0,67,74,0,54,77,46,70,79,70,0,80,65,0,80,43,0,33,69,77,57,80,80,0,52,69,75,81,0,0,0,78,77,86,0,71,0,74,82,73,77,0,85,69,74,0,40,0,76,73,74,51,81,70,72,78,45,80,0,65,0,81,78,0,0,63,70,78,38,0,77,
73,0,76,0,81,68,0,78,0,75,66,47,0,58,77,78,46,73,80,0,74,0,74,73,0,68,0,0,71,0,69,75,0,55,75,47,71,81,71,0,79,64,0,81,43,0,35,69,76,60,80,76,0,51,68,74,80,0,0,0,77,76,85,0,70,0,74,82,73,79,0,83,68,76,0,41,0,77,73,74,49,81,71,75,78,49,81,0,65,0,80,78,0,0,63,72,77,39,0,78,
75,0,75,0,80,67,0,75,0,73,70,49,0,58,77,75,48,74,80,0,76,0,74,72,0,69,0,0,71,0,68,72,0,54,75,44,72,83,72,0,76,65,0,82,44,0,35,70,79,61,81,76,0,54,68,76,80,0,0,0,79,75,84,0,70,0,75,81,73,79,0,82,67,74,0,41,0,78,74,73,50,80,70,74,76,49,81,0,64,0,79,78,0,0,63,71,76,40,0,77,
76,0,75,0,79,68,0,76,0,74,68,48,0,59,78,74,50,74,81,0,77,0,73,73,0,70,0,0,71,0,71,72,0,57,78,43,72,81,70,0,78,68,0,84,45,0,36,69,79,60,83,75,0,54,69,75,80,0,0,0,78,74,84,0,68,0,75,81,73,78,0,82,68,74,0,41,0,75,73,72,52,80,74,76,74,52,81,0,65,0,79,78,0,0,63,69,76,40,0,77,
76,0,75,0,78,70,0,77,0,76,69,52,0,59,78,72,51,75,81,0,77,0,72,73,0,71,0,0,70,0,70,72,0,59,75,46,72,80,71,0,78,68,0,84,47,0,37,68,79,60,84,75,0,54,69,75,79,0,0,0,76,75,81,0,69,0,76,81,72,79,0,79,66,74,0,41,0,76,78,74,55,80,72,78,74,52,82,0,65,0,78,78,0,0,64,70,76,43,0,77,
76,0,75,0,77,70,0,80,0,77,68,51,0,60,78,73,52,75,82,0,77,0,72,72,0,72,0,0,70,0,74,72,0,60,75,46,74,81,71,0,78,68,0,84,48,0,37,69,79,61,84,76,0,57,69,77,81,0,0,0,76,74,80,0,71,0,78,81,69,78,0,80,67,74,0,43,0,77,78,72,57,79,71,77,74,51,83,0,65,0,78,79,0,0,64,68,76,43,0,77,
77,0,75,0,79,72,0,80,0,78,68,51,0,61,77,74,51,76,79,0,77,0,72,73,0,73,0,0,73,0,73,71,0,59,75,46,75,81,71,0,80,70,0,84,48,0,38,69,80,63,84,75,0,56,69,77,82,0,0,0,75,74,80,0,70,0,76,80,70,79,0,80,66,73,0,44,0,76,78,73,58,79,72,76,74,52,85,0,67,0,77,79,0,0,64,68,77,44,0,78,
77,0,78,0,82,69,0,77,0,80,67,52,0,63,77,74,51,78,79,0,77,0,73,74,0,73,0,0,75,0,72,70,0,58,77,46,78,80,67,0,80,69,0,82,48,0,37,69,79,65,84,77,0,60,69,78,81,0,0,0,76,74,80,0,70,0,76,80,69,80,0,79,65,73,0,45,0,77,79,72,59,79,72,77,74,53,82,0,67,0,77,80,0,0,62,68,77,45,0,77,
78,0,77,0,84,70,0,78,0,78,67,54,0,64,78,73,52,77,78,0,78,0,72,75,0,73,0,0,75,0,72,69,0,57,76,47,77,80,68,0,81,68,0,81,48,0,39,70,83,66,84,77,0,59,69,79,80,0,0,0,75,74,80,0,68,0,75,79,69,82,0,77,65,76,0,49,0,77,78,73,61,79,72,78,72,53,81,0,66,0,78,80,0,0,62,72,78,46,0,75,
76,0,76,0,83,72,0,77,0,76,66,56,0,64,77,72,54,77,77,0,81,0,73,74,0,74,0,0,76,0,73,66,0,57,79,46,78,80,67,0,82,70,0,81,50,0,40,69,83,68,83,75,0,59,70,79,79,0,0,0,75,76,81,0,71,0,74,78,70,82,0,78,64,75,0,49,0,77,79,75,61,80,73,79,72,54,82,0,66,0,77,80,0,0,64,73,74,47,0,75,
75,0,77,0,83,71,0,76,0,76,66,56,0,65,79,72,52,80,79,0,80,0,73,74,0,74,0,0,74,0,72,68,0,58,79,48,79,83,67,0,81,68,0,80,50,0,43,69,84,69,82,75,0,61,72,78,77,0,0,0,76,78,83,0,71,0,74,77,70,82,0,78,64,75,0,48,0,78,79,77,61,78,73,78,72,55,79,0,68,0,78,78,0,0,64,72,74,47,0,74,
