1
1
1
1
1
1
1
1
1
2
2
2
4
4
4
4
4
4
4
4
4
5
6
8
11
14
14
16
17
17
19
21
22
25
29
31
33
39
44
48
50
57
62
64
69
71
74
78
79
81
81
82
82
84
87
85
84
85
83
87
86
87
87
88
89
89
88
91
92
93
92
92
89
91
92
91
90
93
93
94
95
94
94
93
94
97
98
97
97
97
96
95
95
94
96
97
95
94
95
93
7
9
11
11
13
15
17
19
22
23
25
26
31
34
40
42
48
51
54
59
63
70
73
73
74
75
80
83
84
84
90
91
90
92
94
92
94
92
92
94
95
95
95
95
94
94
95
95
96
96
96
98
96
96
96
95
96
98
95
96
97
96
94
96
96
98
98
98
97
96
97
97
99
98
97
97
95
96
93
93
95
93
92
92
92
91
91
90
90
88
89
88
88
91
91
89
88
91
92
93
