386.3984856,-0.887555997
386.4866944,-0.8914510857
386.570676,-0.8951937104
386.6506789,-0.898789191
386.7269352,-0.9022426267
386.7996615,-0.9055589083
386.8690604,-0.9087427302
386.9353209,-0.9117986018
386.99862,-0.9147308581
387.0591231,-0.9175436696
387.116985,-0.920241052
387.1723506,-0.9228268747
387.2253556,-0.9253048693
387.2761273,-0.9276786373
387.3247848,-0.929951657
387.3714398,-0.9321272902
387.4161972,-0.9342087885
387.4591555,-0.9361992985
387.5004071,-0.9381018675
387.5400389,-0.9399194479
387.5781323,-0.9416549017
387.6147643,-0.9433110046
387.650007,-0.9448904495
387.6839284,-0.9463958503
387.7165924,-0.9478297444
387.7480594,-0.9491945959
387.7783863,-0.9504927984
387.8076267,-0.9517266769
387.835831,-0.9528984905
387.8630471,-0.9540104343
387.8893201,-0.9550646412
387.9146926,-0.9560631835
387.9392048,-0.9570080752
387.9628948,-0.957901273
387.9857987,-0.9587446776
388.0079506,-0.9595401358
388.0293829,-0.9602894412
388.050126,-0.9609943356
388.0702092,-0.9616565103
388.0896599,-0.9622776071
388.1085042,-0.9628592197
388.126767,-0.9634028944
388.1444717,-0.9639101315
388.1616409,-0.9643823861
388.1782957,-0.9648210692
388.1944565,-0.9652275488
388.2101424,-0.9656031507
388.2253718,-0.9659491593
388.2401623,-0.9662668192
388.2545303,-0.9665573354
388.2684917,-0.9668218746
388.2820618,-0.967061566
388.2952549,-0.9672775024
388.3080847,-0.9674707407
388.3205645,-0.9676423033
388.3327068,-0.9677931784
388.3445235,-0.9679243213
388.3560262,-0.9680366551
388.3672258,-0.9681310713
388.3781328,-0.9682084312
388.3887573,-0.9682695661
388.3991089,-0.9683152784
388.4091967,-0.9683463423
388.4190297,-0.9683635049
388.4286162,-0.9683674863
388.4379645,-0.9683589809
388.4470822,-0.9683386579
388.4559768,-0.9683071623
388.4646556,-0.9682651151
388.4731253,-0.9682131144
388.4813927,-0.968151736
388.489464,-0.9680815339
388.4973454,-0.9680030411
388.5050427,-0.9679167703
388.5125616,-0.9678232144
388.5199075,-0.9677228469
388.5270857,-0.9676161231
388.5341011,-0.96750348
388.5409587,-0.9673853372
388.547663,-0.9672620976
388.5542186,-0.9671341475
388.5606299,-0.9670018575
388.5669009,-0.9668655829
388.5730358,-0.966725664
388.5790384,-0.966582427
388.5849124,-0.9664361839
388.5906615,-0.9662872336
388.5962892,-0.9661358618
388.6017989,-0.9659823418
388.6071937,-0.9658269345
388.6124769,-0.9656698895
388.6176515,-0.9655114446
388.6227204,-0.9653518269
388.6276864,-0.965191253
388.6325523,-0.9650299292
388.6373208,-0.9648680518
388.6419944,-0.9647058077
388.6465756,-0.9645433747
388.6510667,-0.9643809216
388.6554702,-0.9642186087
388.6597882,-0.9640565879
388.664023,-0.9638950034
388.6681766,-0.9637339915
388.6722511,-0.9635736812
388.6762484,-0.9634141942
388.6801704,-0.9632556456
388.6840191,-0.9630981435
388.6877962,-0.96294179
388.6915034,-0.9627866808
388.6951425,-0.9626329056
388.698715,-0.9624805486
388.7022226,-0.9623296883
388.7056667,-0.9621803981
388.7090488,-0.9620327462
388.7123705,-0.9618867958
388.7156331,-0.9617426055
388.7188379,-0.9616002294
388.7219863,-0.961459717
388.7250795,-0.961321114
388.7281188,-0.9611844617
388.7311054,-0.9610497976
388.7340404,-0.9609171556
388.7369249,-0.9607865659
388.7397602,-0.9606580554
388.7425471,-0.9605316475
388.7452868,-0.9604073626
388.7479803,-0.960285218
388.7506285,-0.960165228
388.7532324,-0.9600474042
388.7557929,-0.9599317556
388.7583108,-0.9598182884
388.7607871,-0.9597070065
388.7632226,-0.9595979114
388.7656181,-0.9594910023
388.7679744,-0.9593862763
388.7702922,-0.9592837285
388.7725723,-0.9591833519
388.7748155,-0.9590851376
388.7770224,-0.9589890749
388.7791937,-0.9588951515
388.7813301,-0.9588033533
388.7834322,-0.9587136647
388.7855007,-0.9586260687
388.7875361,-0.9585405467
388.7895391,-0.9584570788
388.7915102,-0.9583756439
388.7934501,-0.9582962195
388.7953591,-0.9582187822
388.797238,-0.9581433072
388.7990871,-0.9580697689
388.800907,-0.9579981406
388.8026982,-0.9579283947
388.8044611,-0.9578605026
388.8061962,-0.957794435
388.807904,-0.9577301619
388.8095849,-0.9576676523
388.8112394,-0.9576068748
388.8128677,-0.9575477971
388.8144705,-0.9574903866
388.8160479,-0.9574346098
388.8176005,-0.9573804329
388.8191286,-0.9573278217
388.8206325,-0.9572767413
388.8221127,-0.9572271566
388.8235694,-0.9571790321
388.8250031,-0.9571323319
388.826414,-0.9570870199
388.8278024,-0.9570430597
388.8291687,-0.9570004146
388.8305132,-0.9569590478
388.8318362,-0.9569189223
388.833138,-0.9568800009
388.8344189,-0.9568422463
388.8356791,-0.9568056213
388.836919,-0.9567700883
388.8381387,-0.95673561
388.8393386,-0.9567021488
388.840519,-0.9566696673
388.84168,-0.9566381282
388.842822,-0.956607494
388.8439452,-0.9565777274
388.8450498,-0.9565487914
388.8461361,-0.9565206488
388.8472042,-0.9564932627
388.8482545,-0.9564665963
388.8492872,-0.9564406132
388.8503024,-0.9564152768
388.8513005,-0.956390551
388.8522815,-0.9563663999
388.8532458,-0.9563427877
388.8541935,-0.9563196789
388.8551249,-0.9562970384
388.8560402,-0.9562748311
388.8569395,-0.9562530225
388.8578231,-0.9562315783
388.8586912,-0.9562104642
388.859544,-0.9561896468
388.8603816,-0.9561690924
388.8612043,-0.9561487682
388.8620122,-0.9561286414
388.8628056,-0.9561086795
388.8635847,-0.9560888506
388.8643495,-0.9560691229
388.8651005,-0.9560494652
388.8658376,-0.9560298465
388.8665611,-0.9560102361
388.8672713,-0.9559906039
388.8679682,-0.9559709198
388.8686521,-0.9559511544
388.8693231,-0.9559312785
388.8699815,-0.9559112631
388.8706274,-0.9558910799
388.8712611,-0.9558707004
388.8718827,-0.9558500969
388.8724923,-0.9558292418
388.8730903,-0.9558081078
388.8736767,-0.9557866678
388.8742518,-0.9557648951
388.8748158,-0.9557427631
388.8753688,-0.9557202456
388.8759111,-0.9556973164
388.8764428,-0.9556739495
388.8769642,-0.9556501192
388.8774754,-0.9556257997
388.8779766,-0.9556009653
388.878468,-0.9555755904
388.8789499,-0.9555496493
388.8794225,-0.9555231164
388.8798859,-0.9554959658
388.8803403,-0.9554681715
388.880786,-0.9554397072
388.8812232,-0.9554105464
388.8816522,-0.9553806622
388.882073,-0.9553500272
388.882486,-0.9553186135
388.8828913,-0.9552863925
388.8832893,-0.9552533349
388.8836801,-0.9552194107
0.5264480509,0.1781529756
